9.827869534492492676e-01
9.678366780281066895e-01
9.684965014457702637e-01
1.037775635719299316e+00
1.018180727958679199e+00
1.023765921592712402e+00
1.023399591445922852e+00
9.855132102966308594e-01
9.820790886878967285e-01
9.966737627983093262e-01
9.868828058242797852e-01
9.990177154541015625e-01
1.007307171821594238e+00
9.779511094093322754e-01
9.885759949684143066e-01
9.997331500053405762e-01
9.724254012107849121e-01
1.000108361244201660e+00
1.003683924674987793e+00
9.788120985031127930e-01
9.743112325668334961e-01
1.024094939231872559e+00
1.031814455986022949e+00
1.033746719360351562e+00
9.865929484367370605e-01
9.788053035736083984e-01
1.025626420974731445e+00
1.004432201385498047e+00
1.033587217330932617e+00
9.883357286453247070e-01
9.855648875236511230e-01
1.007168173789978027e+00
9.848263263702392578e-01
9.838356971740722656e-01
1.046506166458129883e+00
1.027827620506286621e+00
1.022184133529663086e+00
1.000379681587219238e+00
1.028785347938537598e+00
1.033134579658508301e+00
9.960628151893615723e-01
1.016490817070007324e+00
1.018885374069213867e+00
1.002470016479492188e+00
1.042231559753417969e+00
9.784545898437500000e-01
9.922877550125122070e-01
9.961430430412292480e-01
9.787721037864685059e-01
9.702368378639221191e-01
9.921998381614685059e-01
9.965011477470397949e-01
9.981846213340759277e-01
9.694800972938537598e-01
1.020915627479553223e+00
9.871053099632263184e-01
9.925309419631958008e-01
9.925400018692016602e-01
9.693735241889953613e-01
9.860979914665222168e-01
9.982879161834716797e-01
9.702084660530090332e-01
9.754545688629150391e-01
9.948840737342834473e-01
1.024414300918579102e+00
9.985746741294860840e-01
9.830929040908813477e-01
1.011963725090026855e+00
9.635388851165771484e-01
1.031695008277893066e+00
1.001331925392150879e+00
9.801419377326965332e-01
1.047995448112487793e+00
9.755336046218872070e-01
1.002672195434570312e+00
1.047722339630126953e+00
1.041655063629150391e+00
9.804599881172180176e-01
9.707048535346984863e-01
1.069748163223266602e+00
1.068289041519165039e+00
9.778839945793151855e-01
9.865210652351379395e-01
9.802725315093994141e-01
1.111412644386291504e+00
1.024116635322570801e+00
1.008780241012573242e+00
9.895732402801513672e-01
9.798585772514343262e-01
9.960169792175292969e-01
1.007736563682556152e+00
1.011157035827636719e+00
9.722644686698913574e-01
9.921920299530029297e-01
1.004239678382873535e+00
1.028141617774963379e+00
9.933405518531799316e-01
1.036920785903930664e+00
9.854838252067565918e-01
9.807851314544677734e-01
9.953222274780273438e-01
9.843322038650512695e-01
9.988021254539489746e-01
9.907439351081848145e-01
9.818978905677795410e-01
1.007159590721130371e+00
9.801996946334838867e-01
9.932249188423156738e-01
9.926455020904541016e-01
9.716982841491699219e-01
9.981324672698974609e-01
1.002429723739624023e+00
9.771379828453063965e-01
1.022271990776062012e+00
9.848372936248779297e-01
1.013729214668273926e+00
9.988867044448852539e-01
1.017249822616577148e+00
1.074524164199829102e+00
1.003699898719787598e+00
9.789729118347167969e-01
9.816948771476745605e-01
1.024345040321350098e+00
9.871162772178649902e-01
1.037291049957275391e+00
9.803263545036315918e-01
1.079924821853637695e+00
1.000099062919616699e+00
1.061486244201660156e+00
9.774206876754760742e-01
1.038063645362854004e+00
9.776744842529296875e-01
9.833305478096008301e-01
9.846791028976440430e-01
1.001102447509765625e+00
1.008713126182556152e+00
9.689977765083312988e-01
1.012880802154541016e+00
1.011966586112976074e+00
1.035385489463806152e+00
1.055312514305114746e+00
1.006740689277648926e+00
1.006862878799438477e+00
1.012863755226135254e+00
1.044243097305297852e+00
9.769088625907897949e-01
9.843540191650390625e-01
9.742898941040039062e-01
9.674751162528991699e-01
1.014418840408325195e+00
9.865817427635192871e-01
1.028145432472229004e+00
1.019577264785766602e+00
9.802782535552978516e-01
9.666900038719177246e-01
1.026170611381530762e+00
9.961995482444763184e-01
1.011082410812377930e+00
1.026908516883850098e+00
9.923104643821716309e-01
9.856269359588623047e-01
9.785159826278686523e-01
1.017574787139892578e+00
1.052189946174621582e+00
1.000289916992187500e+00
9.894374608993530273e-01
1.022354722023010254e+00
9.831002354621887207e-01
1.003813147544860840e+00
9.893428087234497070e-01
1.039555907249450684e+00
9.934310317039489746e-01
9.920754432678222656e-01
1.007775783538818359e+00
1.000059247016906738e+00
1.034247279167175293e+00
9.720532298088073730e-01
1.001760244369506836e+00
9.956192374229431152e-01
9.670151472091674805e-01
9.731583595275878906e-01
1.006776809692382812e+00
9.768468141555786133e-01
9.736820459365844727e-01
1.029702067375183105e+00
9.729106426239013672e-01
9.763862490653991699e-01
1.036176681518554688e+00
9.954152703285217285e-01
9.904602766036987305e-01
9.884278774261474609e-01
9.841225147247314453e-01
9.990592598915100098e-01
1.018475413322448730e+00
1.018634200096130371e+00
1.011330604553222656e+00
9.831097722053527832e-01
9.789015054702758789e-01
9.952646493911743164e-01
9.860020279884338379e-01
9.730401039123535156e-01
9.705824851989746094e-01
9.693554639816284180e-01
9.755609035491943359e-01
9.879411458969116211e-01
9.862781167030334473e-01
1.034425139427185059e+00
9.900617599487304688e-01
9.808962345123291016e-01
9.872135519981384277e-01
1.001039266586303711e+00
9.806575775146484375e-01
9.801096916198730469e-01
9.791368246078491211e-01
1.007256150245666504e+00
1.011614322662353516e+00
1.006727457046508789e+00
9.745095372200012207e-01
1.007831454277038574e+00
1.064344644546508789e+00
1.006008267402648926e+00
9.929862618446350098e-01
1.020348668098449707e+00
1.023771882057189941e+00
9.897816181182861328e-01
9.850015044212341309e-01
1.032905578613281250e+00
1.001479864120483398e+00
9.768803119659423828e-01
9.767644405364990234e-01
9.796748757362365723e-01
9.862759709358215332e-01
9.784437417984008789e-01
9.719002842903137207e-01
9.676936864852905273e-01
1.024170875549316406e+00
1.031614065170288086e+00
9.797663092613220215e-01
9.982153773307800293e-01
9.991645216941833496e-01
9.976653456687927246e-01
1.022931933403015137e+00
9.786789417266845703e-01
9.928787350654602051e-01
9.781509637832641602e-01
9.798394441604614258e-01
9.819085001945495605e-01
9.895016551017761230e-01
9.982694983482360840e-01
1.002016067504882812e+00
9.809472560882568359e-01
9.840609431266784668e-01
9.768880605697631836e-01
1.018379092216491699e+00
1.004079937934875488e+00
9.986530542373657227e-01
9.786097407341003418e-01
9.925575256347656250e-01
9.728869199752807617e-01
9.999946951866149902e-01
1.005562424659729004e+00
1.044210195541381836e+00
9.879729747772216797e-01
1.021487951278686523e+00
9.830141663551330566e-01
9.692918062210083008e-01
1.056619763374328613e+00
9.881294965744018555e-01
1.007474064826965332e+00
9.874930977821350098e-01
1.006644606590270996e+00
1.006111860275268555e+00
9.806965589523315430e-01
9.834507703781127930e-01
9.861752390861511230e-01
9.790368676185607910e-01
9.944440126419067383e-01
9.918788671493530273e-01
1.000270009040832520e+00
9.820029735565185547e-01
1.046374559402465820e+00
9.915687441825866699e-01
9.777826666831970215e-01
9.972842335700988770e-01
1.006465196609497070e+00
1.006620049476623535e+00
9.714413285255432129e-01
9.836382865905761719e-01
1.009680867195129395e+00
1.022277474403381348e+00
9.897824525833129883e-01
9.806824922561645508e-01
9.834495186805725098e-01
1.025350570678710938e+00
1.010379195213317871e+00
1.030425190925598145e+00
9.942356944084167480e-01
9.700514674186706543e-01
9.740652441978454590e-01
1.023527026176452637e+00
9.759603738784790039e-01
9.717106223106384277e-01
1.015785217285156250e+00
1.051377773284912109e+00
9.913724064826965332e-01
9.747850894927978516e-01
9.699063301086425781e-01
9.832110404968261719e-01
9.868367314338684082e-01
9.889664053916931152e-01
1.021699905395507812e+00
1.007492303848266602e+00
1.001347541809082031e+00
9.843102097511291504e-01
9.601904749870300293e-01
9.926430583000183105e-01
1.031146168708801270e+00
1.025052309036254883e+00
9.847144484519958496e-01
1.010659456253051758e+00
1.007848858833312988e+00
9.827598929405212402e-01
1.013923168182373047e+00
1.051403880119323730e+00
1.003704905509948730e+00
1.020654439926147461e+00
1.004813551902770996e+00
9.813460111618041992e-01
1.005110979080200195e+00
1.027347683906555176e+00
1.005908608436584473e+00
9.808341264724731445e-01
9.738912582397460938e-01
9.810642004013061523e-01
9.810531735420227051e-01
9.915180206298828125e-01
9.661006927490234375e-01
9.886229038238525391e-01
1.042547106742858887e+00
1.045368909835815430e+00
1.025583386421203613e+00
1.051820397377014160e+00
1.040416240692138672e+00
1.028482317924499512e+00
1.064619779586791992e+00
1.013801693916320801e+00
1.002545595169067383e+00
1.009309530258178711e+00
1.052163362503051758e+00
1.003255844116210938e+00
9.893530607223510742e-01
9.877173900604248047e-01
9.792049527168273926e-01
9.752299189567565918e-01
1.043280124664306641e+00
9.880613088607788086e-01
9.814437031745910645e-01
9.706169366836547852e-01
1.016946077346801758e+00
1.012958526611328125e+00
9.801138639450073242e-01
9.819424152374267578e-01
9.933041930198669434e-01
9.920729994773864746e-01
9.930772781372070312e-01
1.024258017539978027e+00
9.981519579887390137e-01
9.833337068557739258e-01
9.732596278190612793e-01
1.007260560989379883e+00
9.868748784065246582e-01
9.821655750274658203e-01
9.730698466300964355e-01
1.037654638290405273e+00
9.827941060066223145e-01
9.782292246818542480e-01
9.821801781654357910e-01
9.728696942329406738e-01
9.750589728355407715e-01
9.795206189155578613e-01
1.044397115707397461e+00
9.762747287750244141e-01
1.025345206260681152e+00
1.013330578804016113e+00
1.005337119102478027e+00
1.032175302505493164e+00
1.002396941184997559e+00
9.885692596435546875e-01
9.838548898696899414e-01
9.893811345100402832e-01
1.063029885292053223e+00
9.946786165237426758e-01
1.009161710739135742e+00
1.019778490066528320e+00
1.016224622726440430e+00
9.975734949111938477e-01
9.945696592330932617e-01
9.916562438011169434e-01
9.912281632423400879e-01
9.814299941062927246e-01
9.779002666473388672e-01
9.809272289276123047e-01
9.784778356552124023e-01
9.717216491699218750e-01
9.876212477684020996e-01
1.022060394287109375e+00
1.009258270263671875e+00
9.865539669990539551e-01
1.012422204017639160e+00
1.037458181381225586e+00
9.875679016113281250e-01
1.031576156616210938e+00
1.030738472938537598e+00
1.002903580665588379e+00
9.674673676490783691e-01
9.955853223800659180e-01
1.005309820175170898e+00
9.801937937736511230e-01
9.778662919998168945e-01
1.021711587905883789e+00
9.807353019714355469e-01
1.022176742553710938e+00
1.011958360671997070e+00
9.814123511314392090e-01
1.035076022148132324e+00
9.933169484138488770e-01
1.036390185356140137e+00
9.706207513809204102e-01
1.000674009323120117e+00
9.750536680221557617e-01
9.981331229209899902e-01
1.006655573844909668e+00
9.778861403465270996e-01
9.791272282600402832e-01
1.006829738616943359e+00
1.002699255943298340e+00
9.856106638908386230e-01
9.922344684600830078e-01
9.675908684730529785e-01
1.006494641304016113e+00
9.746499061584472656e-01
1.002890825271606445e+00
9.909495711326599121e-01
9.795941710472106934e-01
1.027393341064453125e+00
1.052976846694946289e+00
1.009881854057312012e+00
9.643485546112060547e-01
1.013442397117614746e+00
1.071779012680053711e+00
9.899772405624389648e-01
9.868106245994567871e-01
9.717459678649902344e-01
1.005510568618774414e+00
9.747079014778137207e-01
1.041169643402099609e+00
1.009880065917968750e+00
9.892103672027587891e-01
9.930401444435119629e-01
1.013552546501159668e+00
9.992156028747558594e-01
1.008095026016235352e+00
1.033476591110229492e+00
9.687102437019348145e-01
1.033133506774902344e+00
1.018525838851928711e+00
9.934728741645812988e-01
9.746468067169189453e-01
9.915495514869689941e-01
1.003932595252990723e+00
9.886123538017272949e-01
9.738589525222778320e-01
9.826914668083190918e-01
9.899796247482299805e-01
9.817244410514831543e-01
9.978221058845520020e-01
9.822586178779602051e-01
9.780166149139404297e-01
1.008213996887207031e+00
9.878268241882324219e-01
1.001929044723510742e+00
1.002694249153137207e+00
9.871661067008972168e-01
9.744988679885864258e-01
9.930198788642883301e-01
9.704114198684692383e-01
9.761689901351928711e-01
9.809080958366394043e-01
1.001707315444946289e+00
1.016204357147216797e+00
1.086075067520141602e+00
1.030127286911010742e+00
1.029463171958923340e+00
9.744506478309631348e-01
1.000491261482238770e+00
9.745799303054809570e-01
9.791169166564941406e-01
1.003831386566162109e+00
9.781076908111572266e-01
9.832059144973754883e-01
9.902058839797973633e-01
1.004570841789245605e+00
9.683647155761718750e-01
1.001945376396179199e+00
1.002140641212463379e+00
1.038529038429260254e+00
1.012297272682189941e+00
9.939388036727905273e-01
1.029940605163574219e+00
1.025634407997131348e+00
9.904052615165710449e-01
9.762548804283142090e-01
