-2.374504089355468750e+00
1.494404792785644531e+00
4.782989025115966797e+00
-2.991270303726196289e+00
-2.052902460098266602e+00
1.308336973190307617e+00
-1.980124235153198242e+00
-2.513999700546264648e+00
3.481448650360107422e+00
-6.581843852996826172e+00
-5.102814197540283203e+00
-3.180766582489013672e+00
-3.934582233428955078e+00
3.043760299682617188e+00
4.633459091186523438e+00
-4.417840003967285156e+00
5.386133193969726562e+00
5.573894977569580078e+00
-1.064220309257507324e+00
2.633025646209716797e+00
4.211434364318847656e+00
-6.312114238739013672e+00
-3.606583595275878906e+00
-7.039833545684814453e+00
-3.670826911926269531e+00
3.224282264709472656e+00
3.518103361129760742e+00
-3.033903121948242188e+00
-6.815619945526123047e+00
-6.757360458374023438e+00
-4.357663631439208984e+00
-1.061360955238342285e+00
2.818761348724365234e+00
-4.510315895080566406e+00
2.702968597412109375e+00
-6.884594917297363281e+00
2.677169561386108398e+00
-1.783756732940673828e+00
2.055238962173461914e+00
-8.058422088623046875e+00
-5.571488380432128906e+00
-6.928463935852050781e+00
4.974761962890625000e+00
2.025609731674194336e+00
-5.640174388885498047e+00
2.298455715179443359e+00
-5.453745841979980469e+00
-2.478299856185913086e+00
2.637009143829345703e+00
2.822473049163818359e+00
-5.230384826660156250e+00
9.916027188301086426e-01
-5.504220008850097656e+00
3.297977209091186523e+00
-5.108164787292480469e+00
2.496675491333007812e+00
-4.598823070526123047e+00
-2.617867946624755859e+00
9.161839485168457031e+00
3.628551483154296875e+00
-4.882779598236083984e+00
2.382205247879028320e+00
2.683859825134277344e+00
1.197224378585815430e+00
-2.304493427276611328e+00
-6.342769145965576172e+00
4.801972866058349609e+00
-3.625815153121948242e+00
3.733361721038818359e+00
-7.896862626075744629e-01
-8.242875933647155762e-01
3.884745597839355469e+00
-4.323750019073486328e+00
2.149626255035400391e+00
-1.093714952468872070e+00
-7.465903759002685547e+00
-7.031664848327636719e+00
-6.799568176269531250e+00
7.429617881774902344e+00
1.624441266059875488e+00
-1.441202402114868164e+00
2.297657251358032227e+00
-5.583765506744384766e+00
8.880745768547058105e-01
-4.555666923522949219e+00
-3.072050571441650391e+00
-7.921200394630432129e-01
1.686908245086669922e+00
3.952001810073852539e+00
-5.941936969757080078e+00
-6.211815476417541504e-01
2.881677627563476562e+00
1.648640394210815430e+00
-4.088914871215820312e+00
-1.800280511379241943e-01
2.649930492043495178e-02
2.491290569305419922e+00
1.095157861709594727e+00
-7.684779644012451172e+00
-2.759865820407867432e-01
1.276073455810546875e+00
3.530547618865966797e+00
-3.854078531265258789e+00
2.254047155380249023e+00
2.617869138717651367e+00
-5.837137222290039062e+00
5.139601230621337891e+00
-4.380150318145751953e+00
-6.110120773315429688e+00
5.092142581939697266e+00
-2.165933370590209961e+00
2.938001871109008789e+00
4.588335514068603516e+00
-3.096292734146118164e+00
-3.935000002384185791e-01
2.919665813446044922e+00
-5.101087093353271484e+00
-2.570448875427246094e+00
-5.608550548553466797e+00
2.013427019119262695e+00
5.651087284088134766e+00
3.711815595626831055e+00
-6.943990707397460938e+00
1.484995841979980469e+00
4.580747604370117188e+00
3.268796443939208984e+00
8.952453613281250000e+00
4.394126892089843750e+00
1.207727789878845215e+00
3.663739442825317383e+00
-4.502689361572265625e+00
4.421048164367675781e+00
4.930224418640136719e+00
-5.929561614990234375e+00
-6.856267806142568588e-03
-3.238927125930786133e+00
3.396562576293945312e+00
-6.182845115661621094e+00
5.665946006774902344e+00
-4.082931518554687500e+00
1.502759099006652832e+00
4.047041386365890503e-02
3.113584995269775391e+00
-2.940486371517181396e-01
3.856600761413574219e+00
1.284275722503662109e+01
8.878899812698364258e-01
6.071177482604980469e+00
4.750887870788574219e+00
-4.983695507049560547e+00
-3.282044887542724609e+00
-1.298056483268737793e+00
6.735605001449584961e-02
-3.624382913112640381e-01
4.743948459625244141e+00
4.499422073364257812e+00
-4.377069950103759766e+00
-5.545265674591064453e+00
8.881633281707763672e-01
-6.837721824645996094e+00
-7.614016056060791016e+00
5.607706546783447266e+00
1.273085355758666992e+00
-4.030542373657226562e+00
-3.733753204345703125e+00
-6.864276885986328125e+00
1.401617884635925293e+00
1.517455697059631348e+00
-5.466331481933593750e+00
3.448862314224243164e+00
1.530270695686340332e+00
-4.244721889495849609e+00
-4.780141353607177734e+00
-4.813077449798583984e+00
-4.646742045879364014e-01
2.032723426818847656e+00
8.288688659667968750e+00
3.559017777442932129e-01
-2.141222476959228516e+00
3.998880863189697266e+00
8.589158058166503906e+00
-4.473651885986328125e+00
1.992758154869079590e+00
5.455750942230224609e+00
3.720035552978515625e+00
2.954422235488891602e+00
5.699729442596435547e+00
-1.672464132308959961e+00
-5.300472259521484375e+00
7.553936243057250977e-01
2.891626119613647461e+00
-4.600552082061767578e+00
-5.058432102203369141e+00
-2.546022176742553711e+00
-1.854126334190368652e+00
-2.467677116394042969e+00
4.302098274230957031e+00
1.973589062690734863e+00
2.013104438781738281e+00
3.415229082107543945e+00
6.561079025268554688e+00
1.188583493232727051e+00
8.194459915161132812e+00
8.659049034118652344e+00
4.685577392578125000e+00
-3.877579927444458008e+00
-1.740801692008972168e+00
8.509568572044372559e-01
2.904559850692749023e+00
-1.035714626312255859e+00
-1.849201798439025879e+00
3.436150312423706055e+00
2.977124929428100586e+00
4.475570201873779297e+00
1.063380718231201172e+00
-3.936161279678344727e+00
5.278610706329345703e+00
6.689947128295898438e+00
1.377472758293151855e+00
5.400779843330383301e-01
-1.884308338165283203e+00
-2.898521900177001953e+00
-2.010884284973144531e+00
-4.879049777984619141e+00
2.596710443496704102e+00
9.217255711555480957e-01
-3.712161540985107422e+00
-3.544315814971923828e+00
1.956672549247741699e+00
3.741917133331298828e+00
3.756795883178710938e+00
4.083690643310546875e+00
2.856606483459472656e+00
5.208702087402343750e+00
4.930246829986572266e+00
-6.446218490600585938e-01
5.625058650970458984e+00
4.626937389373779297e+00
-3.954835653305053711e+00
2.462527990341186523e+00
-4.001363277435302734e+00
-3.902342796325683594e+00
3.212265968322753906e+00
-4.860796451568603516e+00
2.676112174987792969e+00
1.769734144210815430e+00
3.415867805480957031e+00
3.318472385406494141e+00
-3.932713985443115234e+00
-4.479036808013916016e+00
4.391442775726318359e+00
-2.318533658981323242e+00
6.374309539794921875e+00
6.050260663032531738e-01
-1.132797956466674805e+00
2.319079399108886719e+00
3.430934667587280273e+00
-6.188652515411376953e+00
4.566230773925781250e+00
-2.886201143264770508e+00
4.310144424438476562e+00
-3.961118459701538086e+00
-3.282712936401367188e+00
-3.601644992828369141e+00
1.957639932632446289e+00
8.124264717102050781e+00
-4.314162731170654297e+00
1.232566595077514648e+00
-4.165352821350097656e+00
2.434715747833251953e+00
-8.366858363151550293e-01
1.060501813888549805e+00
-1.549387335777282715e+00
4.713277339935302734e+00
-4.648809909820556641e+00
4.450361251831054688e+00
-6.651416778564453125e+00
4.300919532775878906e+00
-5.074382305145263672e+00
1.486090898513793945e+00
2.758483886718750000e-01
-2.973325252532958984e+00
1.049232578277587891e+01
-6.769085407257080078e+00
-6.038721084594726562e+00
-4.722039699554443359e+00
5.659417152404785156e+00
7.505667209625244141e-01
-3.883985519409179688e+00
-3.104497492313385010e-01
3.342978000640869141e+00
2.735370635986328125e+00
4.777763843536376953e+00
-5.813020706176757812e+00
-6.671367645263671875e+00
-6.727610230445861816e-01
-4.272664546966552734e+00
1.967285394668579102e+00
5.027317047119140625e+00
-3.856518507003784180e+00
4.939643859863281250e+00
4.517497539520263672e+00
-7.096236228942871094e+00
-4.101781368255615234e+00
-2.487545251846313477e+00
6.841632366180419922e+00
5.605811119079589844e+00
5.135269641876220703e+00
-6.328364372253417969e+00
-5.482242584228515625e+00
3.677423954010009766e+00
-2.157142877578735352e+00
1.322761654853820801e+00
2.106699228286743164e+00
4.161939144134521484e+00
3.263315677642822266e+00
-5.334369659423828125e+00
-6.298105716705322266e+00
-1.245866775512695312e+00
-4.101725578308105469e+00
7.375240325927734375e+00
5.537375926971435547e+00
3.830357789993286133e-01
-5.175836563110351562e+00
5.114341735839843750e+00
-7.287601947784423828e+00
-4.102876186370849609e+00
7.336747050285339355e-01
-2.639658689498901367e+00
-3.995666980743408203e+00
-3.100665330886840820e+00
3.538130044937133789e+00
3.500465154647827148e+00
5.379353523254394531e+00
6.205167293548583984e+00
2.358770370483398438e+00
5.753024101257324219e+00
2.362277746200561523e+00
-7.227913379669189453e+00
5.091012120246887207e-01
-5.501489162445068359e+00
-6.926628112792968750e+00
-5.388337135314941406e+00
1.074222803115844727e+00
7.303569316864013672e-01
4.633753299713134766e+00
-2.949129581451416016e+00
-2.720558404922485352e+00
-2.536444187164306641e+00
-2.559751570224761963e-01
-2.368625402450561523e+00
5.153666019439697266e+00
-6.581301689147949219e+00
4.949947834014892578e+00
-4.408643722534179688e+00
-1.094379329681396484e+01
6.260629653930664062e+00
4.890868186950683594e+00
-8.524457216262817383e-01
-6.093860149383544922e+00
3.315648317337036133e+00
-4.155388355255126953e+00
5.031352639198303223e-01
-3.034442663192749023e+00
-6.794525384902954102e-01
-1.637543559074401855e+00
-7.812254428863525391e+00
-3.721778154373168945e+00
8.536993026733398438e+00
-6.785181045532226562e+00
-5.863989830017089844e+00
4.396226882934570312e+00
5.480626106262207031e+00
-1.425129055976867676e+00
2.833030939102172852e+00
2.474678277969360352e+00
4.692173957824707031e+00
1.922254800796508789e+00
2.710038423538208008e+00
2.540069818496704102e+00
5.637242794036865234e-01
2.901690244674682617e+00
-3.517648458480834961e+00
-4.743603229522705078e+00
-2.053451776504516602e+00
-3.141308546066284180e+00
-2.093303680419921875e+00
-4.148310184478759766e+00
5.580417633056640625e+00
3.533046007156372070e+00
-3.034171104431152344e+00
-3.802697658538818359e+00
-1.359824299812316895e+00
-2.929453134536743164e+00
-6.066103458404541016e+00
1.272535771131515503e-01
-5.076851367950439453e+00
3.148539781570434570e+00
5.046826839447021484e+00
-1.556672215461730957e+00
3.480190515518188477e+00
3.996782302856445312e+00
2.591542959213256836e+00
3.797825813293457031e+00
3.344934463500976562e+00
-2.020241737365722656e+00
-5.926639556884765625e+00
3.956837207078933716e-02
-3.347223281860351562e+00
-4.876571655273437500e+00
1.936151266098022461e+00
-5.584289073944091797e+00
-3.212283134460449219e+00
1.467862129211425781e+00
4.485173702239990234e+00
-1.978363752365112305e+00
-3.334104061126708984e+00
5.293476104736328125e+00
5.335699558258056641e+00
-1.400583624839782715e+00
4.765804290771484375e+00
-4.252200424671173096e-01
-2.632711268961429596e-02
-3.251363039016723633e+00
-3.568885326385498047e+00
6.222289562225341797e+00
2.634663343429565430e+00
2.872726917266845703e+00
-1.727559685707092285e+00
5.806190490722656250e+00
5.211110115051269531e+00
-1.547522187232971191e+00
3.356120109558105469e+00
3.360707283020019531e+00
-3.116341114044189453e+00
-3.180271387100219727e+00
8.317669034004211426e-01
4.069313049316406250e+00
1.252260684967041016e+00
-1.160198092460632324e+00
4.544579982757568359e+00
-5.392717838287353516e+00
4.463099956512451172e+00
2.397524118423461914e+00
-1.713919520378112793e+00
-4.269793033599853516e+00
-6.478453159332275391e+00
7.177994251251220703e+00
-7.161810398101806641e-01
-3.151814937591552734e+00
3.917552947998046875e+00
3.315774917602539062e+00
6.480227470397949219e+00
-3.270726203918457031e-01
2.040612459182739258e+00
-4.265290737152099609e+00
-3.757366418838500977e+00
3.940361261367797852e+00
-5.514050960540771484e+00
-5.908572196960449219e+00
-2.535264015197753906e+00
4.504364013671875000e+00
-7.985238432884216309e-01
5.793167114257812500e+00
-1.642534852027893066e+00
-5.615054607391357422e+00
-4.087334632873535156e+00
4.331345558166503906e+00
-4.369022846221923828e+00
3.840286016464233398e+00
4.668778479099273682e-01
2.924180030822753906e+00
-5.514528751373291016e+00
-9.832860946655273438e+00
2.960284709930419922e+00
-3.649573564529418945e+00
3.967678248882293701e-01
5.350443840026855469e+00
-4.188512563705444336e-01
2.843869686126708984e+00
-2.104288816452026367e+00
-8.556924462318420410e-01
4.598972797393798828e+00
-8.420628547668457031e+00
5.044918060302734375e+00
4.291021823883056641e+00
4.392065525054931641e+00
3.629905462265014648e+00
-6.303311347961425781e+00
-3.749110460281372070e+00
1.057081744074821472e-01
-4.735545158386230469e+00
-6.165893077850341797e+00
4.004952907562255859e+00
-1.998307466506958008e+00
4.351713180541992188e+00
5.124636650085449219e+00
-2.843657732009887695e+00
4.945147514343261719e+00
1.075181514024734497e-01
-5.289866924285888672e+00
-3.518618345260620117e+00
6.178934574127197266e+00
-5.241981506347656250e+00
-4.077044963836669922e+00
-7.986473560333251953e+00
-4.655007362365722656e+00
-5.007580280303955078e+00
-1.792867302894592285e+00
1.486008405685424805e+00
6.167120933532714844e+00
4.488153457641601562e+00
