2.635239839553833008e+00
2.222128629684448242e+00
3.168798923492431641e+00
9.270430564880371094e+00
4.956500053405761719e+00
5.660978794097900391e+00
5.172754764556884766e+00
3.455716133117675781e+00
3.347949743270874023e+00
5.614606380462646484e+00
5.552862644195556641e+00
3.102938890457153320e+00
5.543827056884765625e+00
2.677007198333740234e+00
3.243528366088867188e+00
4.270640850067138672e+00
2.642250776290893555e+00
5.025710582733154297e+00
4.815269947052001953e+00
3.782309293746948242e+00
3.269132614135742188e+00
5.540111064910888672e+00
5.139415740966796875e+00
5.943419933319091797e+00
1.817511081695556641e+00
2.984407663345336914e+00
3.750869274139404297e+00
4.976269721984863281e+00
6.912387847900390625e+00
9.453065872192382812e+00
4.465038776397705078e+00
4.439679622650146484e+00
3.209837913513183594e+00
2.663692235946655273e+00
5.742905139923095703e+00
4.425089359283447266e+00
7.155250072479248047e+00
4.697577476501464844e+00
4.012719154357910156e+00
7.166338920593261719e+00
3.593942165374755859e+00
5.153797149658203125e+00
5.267441272735595703e+00
3.661271095275878906e+00
4.751915454864501953e+00
2.358615398406982422e+00
6.099959850311279297e+00
4.019496440887451172e+00
5.077904224395751953e+00
4.484430313110351562e+00
5.569561481475830078e+00
3.790561199188232422e+00
4.919275760650634766e+00
3.030290365219116211e+00
3.799392461776733398e+00
4.126225471496582031e+00
3.693292140960693359e+00
2.961955547332763672e+00
9.756954193115234375e+00
3.975535154342651367e+00
4.037716388702392578e+00
3.856783866882324219e+00
4.901968955993652344e+00
4.975063800811767578e+00
3.419050931930541992e+00
9.269784927368164062e+00
4.419260025024414062e+00
5.314421176910400391e+00
3.414559125900268555e+00
6.097232341766357422e+00
2.299889802932739258e+00
3.145764827728271484e+00
4.675370693206787109e+00
4.015762329101562500e+00
4.146176338195800781e+00
9.449589729309082031e+00
5.792648792266845703e+00
7.735578060150146484e+00
5.062905788421630859e+00
8.416667938232421875e+00
1.558021545410156250e+01
5.775495529174804688e+00
4.278346061706542969e+00
6.521787643432617188e+00
1.252627372741699219e+01
6.112679004669189453e+00
3.705864191055297852e+00
3.089922904968261719e+00
2.680690050125122070e+00
2.895985126495361328e+00
6.031873226165771484e+00
4.903985023498535156e+00
3.085702896118164062e+00
4.583089828491210938e+00
4.986552715301513672e+00
5.998057842254638672e+00
3.863075256347656250e+00
5.010103225708007812e+00
9.006228446960449219e+00
2.372885942459106445e+00
2.396833419799804688e+00
2.493091106414794922e+00
5.072188854217529297e+00
7.616350173950195312e+00
2.047328233718872070e+00
5.841298103332519531e+00
7.630462646484375000e+00
1.937768578529357910e+00
5.485761165618896484e+00
4.746603488922119141e+00
2.653921604156494141e+00
7.614242553710937500e+00
2.869720458984375000e+00
5.918378353118896484e+00
3.116711139678955078e+00
4.144336223602294922e+00
4.491359710693359375e+00
3.393805980682373047e+00
4.890930652618408203e+00
8.768245697021484375e+00
5.240864753723144531e+00
4.770886898040771484e+00
6.778100013732910156e+00
2.779297590255737305e+00
7.173803806304931641e+00
2.314124584197998047e+00
5.746591091156005859e+00
6.217901229858398438e+00
5.697264194488525391e+00
3.040792226791381836e+00
9.582357406616210938e+00
3.375973939895629883e+00
4.109830856323242188e+00
2.981059789657592773e+00
2.379787445068359375e+00
5.793170452117919922e+00
6.401905536651611328e+00
3.342508316040039062e+00
6.437057018280029297e+00
4.545814037322998047e+00
4.706700801849365234e+00
6.018826007843017578e+00
3.318458795547485352e+00
5.041915416717529297e+00
6.233113765716552734e+00
1.225470352172851562e+01
2.851092815399169922e+00
5.498240470886230469e+00
7.320726394653320312e+00
5.629715442657470703e+00
4.077720642089843750e+00
5.579782485961914062e+00
5.359221935272216797e+00
4.136483192443847656e+00
5.056341648101806641e+00
4.517529010772705078e+00
5.403324604034423828e+00
2.681512355804443359e+00
4.169463157653808594e+00
3.222094535827636719e+00
1.012025356292724609e+01
4.429813861846923828e+00
3.158577203750610352e+00
7.183226108551025391e+00
3.347599744796752930e+00
9.226698875427246094e+00
3.037799835205078125e+00
3.262332439422607422e+00
3.475430965423583984e+00
3.955446958541870117e+00
5.855897426605224609e+00
6.126605033874511719e+00
6.963280200958251953e+00
3.542509078979492188e+00
2.310055494308471680e+00
6.436958312988281250e+00
3.908234596252441406e+00
1.031142234802246094e+01
5.514671802520751953e+00
3.549548625946044922e+00
9.004063606262207031e+00
4.627101421356201172e+00
1.567948222160339355e+00
4.071741104125976562e+00
5.615651130676269531e+00
3.898027658462524414e+00
4.075568199157714844e+00
6.479740619659423828e+00
4.878749847412109375e+00
6.862304210662841797e+00
1.325399279594421387e+00
6.461565017700195312e+00
4.360942363739013672e+00
2.516095876693725586e+00
1.124207019805908203e+01
3.819440841674804688e+00
3.039285421371459961e+00
3.006696224212646484e+00
6.815279960632324219e+00
5.292056560516357422e+00
5.508466243743896484e+00
3.241728305816650391e+00
7.084835529327392578e+00
4.771580219268798828e+00
3.181447982788085938e+00
3.221809148788452148e+00
4.315068244934082031e+00
2.197480916976928711e+00
2.858753204345703125e+00
3.451135396957397461e+00
3.593649864196777344e+00
6.138948440551757812e+00
1.774665594100952148e+00
2.066552877426147461e+00
4.618458747863769531e+00
3.410573482513427734e+00
3.359423875808715820e+00
6.151416301727294922e+00
2.751901149749755859e+00
5.738415718078613281e+00
5.193759441375732422e+00
3.944689512252807617e+00
6.703050136566162109e+00
6.425809383392333984e+00
3.991588592529296875e+00
1.498512387275695801e+00
3.890503883361816406e+00
3.741332054138183594e+00
4.711962699890136719e+00
2.935861825942993164e+00
2.829901456832885742e+00
2.843257665634155273e+00
3.616060018539428711e+00
3.644143104553222656e+00
3.571077108383178711e+00
1.053238391876220703e+01
6.399833202362060547e+00
5.523100852966308594e+00
5.123929500579833984e+00
3.530131816864013672e+00
4.008096218109130859e+00
5.060714244842529297e+00
2.302560091018676758e+00
3.522484302520751953e+00
3.100420475006103516e+00
2.143931865692138672e+00
2.295453071594238281e+00
4.944150924682617188e+00
5.004519939422607422e+00
6.307247638702392578e+00
3.944790363311767578e+00
2.373518705368041992e+00
4.961338043212890625e+00
1.229643917083740234e+01
7.082208156585693359e+00
5.185682296752929688e+00
3.346860408782958984e+00
5.072892189025878906e+00
4.117954730987548828e+00
3.429348230361938477e+00
4.800275802612304688e+00
7.190991878509521484e+00
2.838024139404296875e+00
5.306830883026123047e+00
3.592460870742797852e+00
8.331164360046386719e+00
7.007122516632080078e+00
5.062003612518310547e+00
5.220225334167480469e+00
4.753059864044189453e+00
2.066444396972656250e+00
5.383176326751708984e+00
2.738088846206665039e+00
3.815876007080078125e+00
6.068780422210693359e+00
3.076370239257812500e+00
4.377013683319091797e+00
4.896374702453613281e+00
3.496293544769287109e+00
3.613079786300659180e+00
9.115421295166015625e+00
1.663207173347473145e+00
1.423465156555175781e+01
6.051433563232421875e+00
6.628553390502929688e+00
2.977945566177368164e+00
1.029737353324890137e+00
3.941774845123291016e+00
4.915383815765380859e+00
2.120626688003540039e+00
2.823014736175537109e+00
4.171908855438232422e+00
2.764693021774291992e+00
9.115356445312500000e+00
7.372457027435302734e+00
6.196619510650634766e+00
2.470203876495361328e+00
3.243937730789184570e+00
2.517895698547363281e+00
6.579591751098632812e+00
4.190460681915283203e+00
4.355501174926757812e+00
6.011011123657226562e+00
4.777482986450195312e+00
2.192201137542724609e+00
4.542623043060302734e+00
3.615391016006469727e+00
4.989907741546630859e+00
4.312762737274169922e+00
5.495114803314208984e+00
2.558097124099731445e+00
3.741324424743652344e+00
2.952576875686645508e+00
2.945124149322509766e+00
2.387621402740478516e+00
4.174890995025634766e+00
4.098817348480224609e+00
6.766358852386474609e+00
2.380741357803344727e+00
5.703168869018554688e+00
5.632051467895507812e+00
4.805727958679199219e+00
4.537099361419677734e+00
6.336228847503662109e+00
3.151504755020141602e+00
7.849978923797607422e+00
3.773825645446777344e+00
4.137510299682617188e+00
4.970140933990478516e+00
6.266056537628173828e+00
4.955247402191162109e+00
2.910531044006347656e+00
5.080523490905761719e+00
5.657096385955810547e+00
5.432532787322998047e+00
2.086600303649902344e+00
3.331103086471557617e+00
4.213315486907958984e+00
4.555016994476318359e+00
5.470517158508300781e+00
5.793632507324218750e+00
9.572868347167968750e+00
6.085397243499755859e+00
4.913522243499755859e+00
8.016390800476074219e+00
6.792147159576416016e+00
5.000447273254394531e+00
2.053451299667358398e+00
7.559418678283691406e+00
8.339943885803222656e+00
2.189359426498413086e+00
5.155014038085937500e+00
4.613511562347412109e+00
3.431001901626586914e+00
7.675379276275634766e+00
1.379363250732421875e+01
4.596602916717529297e+00
5.133537769317626953e+00
3.793688297271728516e+00
3.229227304458618164e+00
3.538406848907470703e+00
3.869648933410644531e+00
4.736787796020507812e+00
3.689720153808593750e+00
2.568722248077392578e+00
7.960669994354248047e+00
4.725680828094482422e+00
3.312079191207885742e+00
7.846294403076171875e+00
5.357644081115722656e+00
5.985102653503417969e+00
2.554650545120239258e+00
3.561715602874755859e+00
4.985629558563232422e+00
3.376904964447021484e+00
1.913969039916992188e+00
3.847541570663452148e+00
1.037264108657836914e+00
2.871856451034545898e+00
2.788803100585937500e+00
5.875622272491455078e+00
2.488607645034790039e+00
3.973411560058593750e+00
4.726473331451416016e+00
2.003761053085327148e+00
7.793224334716796875e+00
3.652109384536743164e+00
4.222562313079833984e+00
2.642112016677856445e+00
5.156129360198974609e+00
1.493853950500488281e+01
4.787864208221435547e+00
3.563138961791992188e+00
4.524156570434570312e+00
4.649667263031005859e+00
6.440543651580810547e+00
4.701856136322021484e+00
3.412511110305786133e+00
1.903935909271240234e+00
4.060807704925537109e+00
4.189580440521240234e+00
6.934646606445312500e+00
2.256146669387817383e+00
3.833335161209106445e+00
3.178074598312377930e+00
4.038545131683349609e+00
7.051969528198242188e+00
2.737622499465942383e+00
3.318548202514648438e+00
8.418210029602050781e+00
2.625199317932128906e+00
9.390754699707031250e+00
3.558883905410766602e+00
1.800473928451538086e+00
2.981682777404785156e+00
4.670967102050781250e+00
3.136328697204589844e+00
3.388449668884277344e+00
2.569633722305297852e+00
6.605237960815429688e+00
2.886438369750976562e+00
7.494457721710205078e+00
4.720141887664794922e+00
4.175357341766357422e+00
5.663916587829589844e+00
4.330018997192382812e+00
6.365159511566162109e+00
1.655634045600891113e+00
6.551354885101318359e+00
3.791229486465454102e+00
3.335575580596923828e+00
5.758437156677246094e+00
4.813000202178955078e+00
2.489127874374389648e+00
2.870088577270507812e+00
6.147511005401611328e+00
4.566792011260986328e+00
1.990110039710998535e+00
2.076352119445800781e+00
5.133189201354980469e+00
2.275470495223999023e+00
4.493161201477050781e+00
6.614964485168457031e+00
2.797822237014770508e+00
5.157656669616699219e+00
5.250980377197265625e+00
7.220554351806640625e+00
5.777865886688232422e+00
9.521680831909179688e+00
1.491644954681396484e+01
2.967482566833496094e+00
3.143965482711791992e+00
5.633619785308837891e+00
4.532983779907226562e+00
3.841211318969726562e+00
1.143276596069335938e+01
7.743512153625488281e+00
4.172453880310058594e+00
6.237498760223388672e+00
5.637756824493408203e+00
3.311230182647705078e+00
6.231453895568847656e+00
6.365800380706787109e+00
5.156807899475097656e+00
5.434307575225830078e+00
8.246101379394531250e+00
3.884027719497680664e+00
3.072996616363525391e+00
3.447807312011718750e+00
5.421762466430664062e+00
1.631600618362426758e+00
3.583240509033203125e+00
5.599088191986083984e+00
9.425130844116210938e+00
4.045935153961181641e+00
2.903918981552124023e+00
1.664182066917419434e+00
5.967258453369140625e+00
7.589861869812011719e+00
2.714637994766235352e+00
4.241807460784912109e+00
6.148976802825927734e+00
5.422029972076416016e+00
9.138094902038574219e+00
4.115081310272216797e+00
4.357117176055908203e+00
3.125400304794311523e+00
6.454831123352050781e+00
4.544333457946777344e+00
7.207469463348388672e+00
4.699080944061279297e+00
4.287819385528564453e+00
6.135281562805175781e+00
2.733118534088134766e+00
4.975911140441894531e+00
2.708752870559692383e+00
4.105519771575927734e+00
6.738932132720947266e+00
4.555059909820556641e+00
3.407248258590698242e+00
4.654653072357177734e+00
2.733927249908447266e+00
7.208695888519287109e+00
4.607962608337402344e+00
5.340299606323242188e+00
1.355224895477294922e+01
3.826850414276123047e+00
3.155581235885620117e+00
4.434427261352539062e+00
8.064446449279785156e+00
5.214284420013427734e+00
4.414894104003906250e+00
