1.094044303894042969e+01
1.316541862487792969e+01
9.825741767883300781e+00
1.135076904296875000e+01
7.511552333831787109e+00
1.531786441802978516e+01
4.765458583831787109e+00
9.571448326110839844e+00
8.615516662597656250e+00
4.783158779144287109e+00
1.120086574554443359e+01
5.839214324951171875e+00
1.003023815155029297e+01
6.923850536346435547e+00
1.125870323181152344e+01
9.149626731872558594e+00
1.141809558868408203e+01
9.218497276306152344e+00
8.677396774291992188e+00
7.843134880065917969e+00
4.927286624908447266e+00
5.210718631744384766e+00
8.353693008422851562e+00
1.799478149414062500e+01
6.247479915618896484e+00
1.516235542297363281e+01
1.628499603271484375e+01
7.176225662231445312e+00
7.796185970306396484e+00
8.205698966979980469e+00
1.490353488922119141e+01
5.023632049560546875e+00
1.242638015747070312e+01
1.091934871673583984e+01
1.223502063751220703e+01
9.033888816833496094e+00
9.974017143249511719e+00
9.436916351318359375e+00
7.821770668029785156e+00
1.473399066925048828e+01
1.171573066711425781e+01
5.433103561401367188e+00
2.784510850906372070e+00
4.331629276275634766e+00
2.046867370605468750e+01
7.920977115631103516e+00
3.108930826187133789e+00
3.276504516601562500e+00
9.145520210266113281e+00
7.857758522033691406e+00
8.811029434204101562e+00
7.650378227233886719e+00
9.525085449218750000e+00
5.317495822906494141e+00
9.488886833190917969e+00
1.255552673339843750e+01
1.650191688537597656e+01
1.144039916992187500e+01
1.290980434417724609e+01
9.450732231140136719e+00
1.227189922332763672e+01
1.728743171691894531e+01
1.074295997619628906e+01
1.158125400543212891e+01
3.938086032867431641e+00
1.757851409912109375e+01
7.909883022308349609e+00
6.670549392700195312e+00
8.483718872070312500e+00
9.311870574951171875e+00
8.988303184509277344e+00
9.969541549682617188e+00
6.464345455169677734e+00
9.432362556457519531e+00
7.490534782409667969e+00
1.119775390625000000e+01
1.073993110656738281e+01
5.892977714538574219e+00
1.798480224609375000e+01
3.813825845718383789e+00
8.873746871948242188e+00
9.213837623596191406e+00
1.333005142211914062e+01
1.301653766632080078e+01
1.802836799621582031e+01
4.666266441345214844e+00
4.882568836212158203e+00
4.000398635864257812e+00
4.109746456146240234e+00
6.355854034423828125e+00
1.489954566955566406e+01
1.543809700012207031e+01
7.384324073791503906e+00
8.321623802185058594e+00
1.174772357940673828e+01
4.427182197570800781e+00
1.425642013549804688e+01
1.126801967620849609e+01
7.638346195220947266e+00
1.605005645751953125e+01
9.342308998107910156e+00
1.569814109802246094e+01
1.036360073089599609e+01
8.491933822631835938e+00
4.811446189880371094e+00
9.779068946838378906e+00
4.892042636871337891e+00
6.018248558044433594e+00
6.479026317596435547e+00
2.070088195800781250e+01
1.466022300720214844e+01
4.613482952117919922e+00
5.700813770294189453e+00
7.211002349853515625e+00
1.370709133148193359e+01
6.642410278320312500e+00
8.422363281250000000e+00
9.185160636901855469e+00
8.923233985900878906e+00
5.063256740570068359e+00
1.431576442718505859e+01
7.514833927154541016e+00
1.225218009948730469e+01
6.365609645843505859e+00
1.264031982421875000e+01
8.959706306457519531e+00
7.319181919097900391e+00
4.937912940979003906e+00
4.833231449127197266e+00
1.076865768432617188e+01
3.201134109497070312e+01
7.668265342712402344e+00
1.923348617553710938e+01
1.882769203186035156e+01
1.655161476135253906e+01
1.097957801818847656e+01
8.026096343994140625e+00
8.547248840332031250e+00
1.228700351715087891e+01
7.426372051239013672e+00
9.603204727172851562e+00
1.050985336303710938e+01
7.235392093658447266e+00
3.712231636047363281e+00
5.525645256042480469e+00
7.491098880767822266e+00
7.721575260162353516e+00
4.893885135650634766e+00
1.201635360717773438e+01
1.339162921905517578e+01
1.059998226165771484e+01
1.089558887481689453e+01
1.208527469635009766e+01
5.399298191070556641e+00
7.618398666381835938e+00
6.694439888000488281e+00
4.890365123748779297e+00
1.394669055938720703e+01
3.392935514450073242e+00
6.190988063812255859e+00
7.298207759857177734e+00
5.804994106292724609e+00
9.435450553894042969e+00
5.483690738677978516e+00
1.721011924743652344e+01
3.526823759078979492e+00
9.552056312561035156e+00
9.508671760559082031e+00
1.061781501770019531e+01
4.206567764282226562e+00
5.557183265686035156e+00
5.680407047271728516e+00
1.268668270111083984e+01
9.482343673706054688e+00
3.654654026031494141e+00
1.537229824066162109e+01
8.210186958312988281e+00
7.030521392822265625e+00
3.993811130523681641e+00
9.992373466491699219e+00
1.707518386840820312e+01
8.425886154174804688e+00
5.161921024322509766e+00
1.506938552856445312e+01
3.299470424652099609e+00
9.304773330688476562e+00
1.014229965209960938e+01
8.888245582580566406e+00
9.776674270629882812e+00
2.173801040649414062e+01
1.340609645843505859e+01
6.315381050109863281e+00
5.934451580047607422e+00
6.676255226135253906e+00
7.573670864105224609e+00
1.155584430694580078e+01
6.201519489288330078e+00
7.999027729034423828e+00
9.985916137695312500e+00
6.445115089416503906e+00
1.160887813568115234e+01
1.641037178039550781e+01
4.700245857238769531e+00
4.000889301300048828e+00
3.835638046264648438e+00
7.939443588256835938e+00
8.514695167541503906e+00
9.245490074157714844e+00
5.386468410491943359e+00
1.327241802215576172e+01
1.110998821258544922e+01
8.486157417297363281e+00
6.963268756866455078e+00
1.152461147308349609e+01
9.109066963195800781e+00
6.571232318878173828e+00
4.746646881103515625e+00
5.776032447814941406e+00
5.003374576568603516e+00
1.569024276733398438e+01
2.019073867797851562e+01
1.064627647399902344e+01
5.493620395660400391e+00
8.758208274841308594e+00
9.527285575866699219e+00
7.067152500152587891e+00
6.779363155364990234e+00
5.305732727050781250e+00
8.249446868896484375e+00
9.168957710266113281e+00
7.956911563873291016e+00
1.732522010803222656e+01
1.490360069274902344e+01
5.037742614746093750e+00
1.084144401550292969e+01
1.518598175048828125e+01
1.244900321960449219e+01
8.277012825012207031e+00
8.685495376586914062e+00
8.286696434020996094e+00
1.272973823547363281e+01
4.749899864196777344e+00
1.573121929168701172e+01
7.266489505767822266e+00
6.413262367248535156e+00
7.548937797546386719e+00
5.506799697875976562e+00
1.732601737976074219e+01
7.567577362060546875e+00
6.152775764465332031e+00
1.432496070861816406e+01
5.713695049285888672e+00
1.291912555694580078e+01
1.204877758026123047e+01
1.673742866516113281e+01
5.806671142578125000e+00
