-8.305321931838989258e-01
-2.058729380369186401e-01
2.244715213775634766e+00
-1.630409717559814453e+00
1.903736948966979980e+00
1.601611822843551636e-01
-2.510704994201660156e-01
-3.958888947963714600e-01
-4.890131354331970215e-01
-5.209537148475646973e-01
-1.843858718872070312e+00
-4.497442394495010376e-02
-1.122982621192932129e+00
1.639081723988056183e-02
-1.042599916458129883e+00
2.294434785842895508e+00
-1.265466570854187012e+00
2.342537790536880493e-01
-1.036034822463989258e+00
-1.161002039909362793e+00
1.530494451522827148e+00
1.328577041625976562e+00
-9.861491918563842773e-01
-1.525995612144470215e+00
5.381687879562377930e-01
-1.385749936103820801e+00
-2.104469537734985352e+00
2.334292888641357422e+00
2.052811622619628906e+00
-1.604527711868286133e+00
-1.062609434127807617e+00
-4.634598791599273682e-01
-1.524827837944030762e+00
4.852399230003356934e-01
3.090525150299072266e+00
-1.050208210945129395e+00
-1.906892180442810059e+00
-1.631686389446258545e-01
-5.485191941261291504e-01
1.073835849761962891e+00
-1.811269998550415039e+00
2.008982419967651367e+00
-4.246256351470947266e-01
-9.204127192497253418e-01
-1.033504128456115723e+00
-6.116387844085693359e-01
1.093047142028808594e+00
6.777632832527160645e-01
2.143773794174194336e+00
8.690608143806457520e-01
-7.997629642486572266e-01
-5.154066085815429688e-01
-1.800681352615356445e+00
1.434213519096374512e+00
-8.730220794677734375e-01
-1.129249334335327148e+00
-1.381077051162719727e+00
-4.056774675846099854e-01
1.769588232040405273e+00
2.490446329116821289e+00
-1.128236174583435059e+00
-2.137283325195312500e+00
-6.877188086509704590e-01
2.354637384414672852e+00
1.011381983757019043e+00
-1.455394387245178223e+00
8.012543320655822754e-01
-1.507768630981445312e+00
3.838831186294555664e-01
-9.475244879722595215e-01
-1.215631246566772461e+00
3.630182147026062012e-02
-1.820741772651672363e+00
1.875937104225158691e+00
1.025752902030944824e+00
-6.762914061546325684e-01
-9.657299518585205078e-01
2.152827680110931396e-01
-6.829212307929992676e-01
-6.766505837440490723e-01
-7.527644038200378418e-01
-4.428063631057739258e-01
-1.127815604209899902e+00
2.350437402725219727e+00
-1.849327087402343750e+00
-1.174113869667053223e+00
-2.169008553028106689e-01
-9.292752742767333984e-01
-1.130301117897033691e+00
-6.150849461555480957e-01
3.161529004573822021e-01
-1.735259294509887695e+00
1.132144570350646973e+00
-2.900852560997009277e-01
-7.243155837059020996e-01
-5.829508900642395020e-01
-1.616637110710144043e+00
7.774699945002794266e-03
1.792740225791931152e+00
1.986348628997802734e+00
-6.284140348434448242e-01
-1.246512413024902344e+00
9.209396243095397949e-01
-5.317414402961730957e-01
-9.079182744026184082e-01
-1.502154618501663208e-01
-1.110641717910766602e+00
-1.254701018333435059e+00
-9.931681752204895020e-01
-2.088390827178955078e+00
-1.033659458160400391e+00
-7.287880182266235352e-01
2.018362522125244141e+00
-8.328717201948165894e-02
-1.195588186383247375e-01
-1.485142707824707031e+00
-6.906506419181823730e-01
-1.004403710365295410e+00
2.333197355270385742e+00
3.783956170082092285e-01
-1.429632186889648438e+00
-9.049819111824035645e-01
-1.452397465705871582e+00
-7.688866853713989258e-01
-5.930585861206054688e-01
-1.926192641258239746e-01
-1.692528724670410156e+00
-7.850265502929687500e-01
-6.387061476707458496e-01
-1.149432063102722168e+00
-2.041468858718872070e+00
-3.938976526260375977e-01
-1.587753534317016602e+00
-1.740604639053344727e+00
-1.088838815689086914e+00
-1.079231023788452148e+00
6.313959956169128418e-01
2.075641155242919922e+00
-3.810770213603973389e-01
-6.695868372917175293e-01
-4.531218409538269043e-01
-5.297944545745849609e-01
1.889271855354309082e+00
-1.227937102317810059e+00
5.027937293052673340e-01
4.213024377822875977e-01
9.949387311935424805e-01
5.250402539968490601e-02
-9.123496413230895996e-01
-1.221610188484191895e+00
-1.805223226547241211e-01
-3.557593524456024170e-01
-2.488912194967269897e-01
-8.110542893409729004e-01
-9.328553676605224609e-01
-9.072230756282806396e-02
1.964655399322509766e+00
-1.573799133300781250e+00
1.465992778539657593e-01
1.377934932708740234e+00
-1.174139142036437988e+00
3.713259994983673096e-01
-1.816732168197631836e+00
-5.536189675331115723e-01
-1.702568769454956055e+00
4.800436198711395264e-01
-8.078746199607849121e-01
-1.061447978019714355e+00
2.826828137040138245e-02
-1.087995290756225586e+00
-4.857719838619232178e-01
-1.362047791481018066e+00
-7.150665521621704102e-01
5.243419408798217773e-01
-4.930474162101745605e-01
-2.308759212493896484e+00
-1.087877988815307617e+00
4.208542406558990479e-02
-1.747157275676727295e-01
-9.691231250762939453e-01
-2.078536033630371094e+00
-2.542234659194946289e-01
-5.616921186447143555e-01
-1.233777761459350586e+00
-1.045148849487304688e+00
-6.549753546714782715e-01
1.444342374801635742e+00
1.510640025138854980e+00
3.179999113082885742e+00
-1.516548991203308105e+00
-4.694313108921051025e-01
-1.683072894811630249e-01
1.502318382263183594e+00
-9.733035564422607422e-01
-5.883826613426208496e-01
-1.000584006309509277e+00
2.021156072616577148e+00
1.381060838699340820e+00
-1.760304570198059082e-01
3.531708149239420891e-03
1.068555116653442383e+00
-1.252643823623657227e+00
6.347473263740539551e-01
1.018103599548339844e+00
-1.097071766853332520e+00
-9.502425193786621094e-01
2.369198799133300781e+00
2.100524187088012695e+00
4.341118633747100830e-01
-7.030280232429504395e-01
-8.525522351264953613e-01
1.594696760177612305e+00
3.897211328148841858e-02
-5.725029110908508301e-01
2.023578643798828125e+00
-9.466314911842346191e-01
-6.465253829956054688e-01
-1.370940357446670532e-02
-1.639513134956359863e+00
-8.994459509849548340e-01
-1.935143113136291504e+00
2.113484382629394531e+00
-1.539816856384277344e+00
-1.206703305244445801e+00
-6.800476908683776855e-01
2.256524935364723206e-02
-4.135986268520355225e-01
1.650813221931457520e+00
2.226349115371704102e+00
-9.546930789947509766e-01
2.606364727020263672e+00
-1.401983261108398438e+00
-1.367529630661010742e+00
3.178506717085838318e-02
-1.351927638053894043e+00
-1.471139669418334961e+00
-7.322471737861633301e-01
1.268932074308395386e-01
-4.914861023426055908e-01
-9.751878976821899414e-01
-1.197550535202026367e+00
-1.310278177261352539e+00
-1.301226258277893066e+00
2.804354131221771240e-01
-8.462336659431457520e-01
-1.066287517547607422e+00
-4.890460669994354248e-01
-1.904114127159118652e+00
2.131107091903686523e+00
-4.977377951145172119e-01
-2.731667995452880859e+00
-3.263722658157348633e-01
-1.360631823539733887e+00
2.926877260208129883e+00
-6.217055320739746094e-01
2.696763537824153900e-02
