9.097089767456054688e-01
8.596792817115783691e-01
7.563111186027526855e-01
9.032754302024841309e-01
7.711862325668334961e-01
8.697993159294128418e-01
7.765730619430541992e-01
7.640777230262756348e-01
8.273463845252990723e-01
9.077470302581787109e-01
9.081730842590332031e-01
7.612492442131042480e-01
8.148279190063476562e-01
8.655170202255249023e-01
8.519929051399230957e-01
7.621406912803649902e-01
8.491682410240173340e-01
8.794749975204467773e-01
8.922004699707031250e-01
8.409295678138732910e-01
7.187302708625793457e-01
7.085633873939514160e-01
8.977996706962585449e-01
8.976883292198181152e-01
7.772018313407897949e-01
8.964054584503173828e-01
9.145546555519104004e-01
7.272270917892456055e-01
7.448356151580810547e-01
8.165085315704345703e-01
9.211487174034118652e-01
7.662405967712402344e-01
8.438684344291687012e-01
8.076701760292053223e-01
7.351320385932922363e-01
7.854272723197937012e-01
8.692450523376464844e-01
8.322216868400573730e-01
8.506050705909729004e-01
7.802177071571350098e-01
9.089663624763488770e-01
7.690061330795288086e-01
7.916116714477539062e-01
8.177876472473144531e-01
8.930286169052124023e-01
8.707178831100463867e-01
6.960596442222595215e-01
8.707533478736877441e-01
7.092388868331909180e-01
7.441809773445129395e-01
8.520992398262023926e-01
8.592020273208618164e-01
8.921703100204467773e-01
7.340857982635498047e-01
9.201685786247253418e-01
8.515493869781494141e-01
8.992113471031188965e-01
8.692594766616821289e-01
8.610419034957885742e-01
7.139248251914978027e-01
8.174308538436889648e-01
8.924731612205505371e-01
9.397093057632446289e-01
7.538146972656250000e-01
7.774172425270080566e-01
9.209309220314025879e-01
7.544161081314086914e-01
8.564574718475341797e-01
8.185305595397949219e-01
8.691328763961791992e-01
8.598133325576782227e-01
8.713862895965576172e-01
8.105273842811584473e-01
7.311242818832397461e-01
7.414648532867431641e-01
7.806895375251770020e-01
8.696668148040771484e-01
7.905269861221313477e-01
8.859659433364868164e-01
8.134645223617553711e-01
8.865818977355957031e-01
8.930110335350036621e-01
8.721509575843811035e-01
7.366980910301208496e-01
8.715423941612243652e-01
8.699417710304260254e-01
7.522062659263610840e-01
7.854650020599365234e-01
7.710055112838745117e-01
8.062545061111450195e-01
7.876124382019042969e-01
9.022301435470581055e-01
8.417493104934692383e-01
9.017444252967834473e-01
7.949138879776000977e-01
8.495819568634033203e-01
8.906624317169189453e-01
8.466382622718811035e-01
7.692497968673706055e-01
7.704818844795227051e-01
7.633057832717895508e-01
8.355697989463806152e-01
8.364451527595520020e-01
8.887414932250976562e-01
8.556792140007019043e-01
8.112675547599792480e-01
8.010237812995910645e-01
7.711313366889953613e-01
9.212972521781921387e-01
8.527646660804748535e-01
8.624335527420043945e-01
7.808806896209716797e-01
7.337052822113037109e-01
8.565766215324401855e-01
8.776371479034423828e-01
8.318655490875244141e-01
8.730981945991516113e-01
9.100642204284667969e-01
7.487008571624755859e-01
7.674378156661987305e-01
8.900909423828125000e-01
7.846071720123291016e-01
8.363262414932250977e-01
8.296176195144653320e-01
8.920825123786926270e-01
7.746312618255615234e-01
8.892997503280639648e-01
7.876484394073486328e-01
8.192080855369567871e-01
9.011140465736389160e-01
8.781915903091430664e-01
8.150873184204101562e-01
8.498852849006652832e-01
9.355433583259582520e-01
8.130074143409729004e-01
8.488515019416809082e-01
8.296119570732116699e-01
7.649056911468505859e-01
8.913434743881225586e-01
8.462531566619873047e-01
8.788892626762390137e-01
8.487081527709960938e-01
7.804759740829467773e-01
7.930836677551269531e-01
8.220374584197998047e-01
7.331981658935546875e-01
7.945097088813781738e-01
8.675607442855834961e-01
8.729730844497680664e-01
8.832455873489379883e-01
8.910385966300964355e-01
8.464279174804687500e-01
7.891770005226135254e-01
8.365487456321716309e-01
8.942359685897827148e-01
8.296222686767578125e-01
7.051144242286682129e-01
8.805664181709289551e-01
8.071574568748474121e-01
7.662154436111450195e-01
8.124856948852539062e-01
7.185131311416625977e-01
8.600058555603027344e-01
8.896993994712829590e-01
9.192077517509460449e-01
7.454459071159362793e-01
8.391113877296447754e-01
8.890255093574523926e-01
7.921388745307922363e-01
7.575622797012329102e-01
8.675061464309692383e-01
8.005823493003845215e-01
8.923349976539611816e-01
7.990801930427551270e-01
7.599380612373352051e-01
8.626996874809265137e-01
8.214345574378967285e-01
7.814265489578247070e-01
8.658549189567565918e-01
8.620723485946655273e-01
8.902204632759094238e-01
8.763781189918518066e-01
8.055158257484436035e-01
8.089522719383239746e-01
8.976728916168212891e-01
8.150269985198974609e-01
8.096571564674377441e-01
7.100377678871154785e-01
7.196153402328491211e-01
9.115415215492248535e-01
8.691716790199279785e-01
7.808896303176879883e-01
6.837760210037231445e-01
8.174114227294921875e-01
7.879130244255065918e-01
8.691892623901367188e-01
7.774474620819091797e-01
7.552888393402099609e-01
8.939062356948852539e-01
8.469390869140625000e-01
8.577546477317810059e-01
8.652948141098022461e-01
8.512191772460937500e-01
7.244573831558227539e-01
8.426621556282043457e-01
8.762637972831726074e-01
7.281367778778076172e-01
7.563198804855346680e-01
7.025493383407592773e-01
8.499599695205688477e-01
8.721122145652770996e-01
6.923122406005859375e-01
8.335180282592773438e-01
8.135871291160583496e-01
7.918013334274291992e-01
8.646440505981445312e-01
8.718041181564331055e-01
8.496736288070678711e-01
7.940751314163208008e-01
8.732573986053466797e-01
7.767121791839599609e-01
7.381489872932434082e-01
8.290006518363952637e-01
8.958771228790283203e-01
9.228773117065429688e-01
8.801858425140380859e-01
7.825280427932739258e-01
7.206294536590576172e-01
6.661230325698852539e-01
8.854337930679321289e-01
7.788983583450317383e-01
8.609725832939147949e-01
9.139251708984375000e-01
8.941778540611267090e-01
8.830400109291076660e-01
9.117907285690307617e-01
8.732740879058837891e-01
8.031566143035888672e-01
8.018404245376586914e-01
7.885715961456298828e-01
8.848828077316284180e-01
7.845522165298461914e-01
8.657640218734741211e-01
7.683278918266296387e-01
8.784061670303344727e-01
9.048699140548706055e-01
8.725398778915405273e-01
9.110829234123229980e-01
7.349117398262023926e-01
8.352807164192199707e-01
8.508598208427429199e-01
7.376366853713989258e-01
8.535782098770141602e-01
7.664248943328857422e-01
8.675181865692138672e-01
8.623052239418029785e-01
