-9.540718048810958862e-02
-8.355069905519485474e-02
-1.401947289705276489e-01
-5.578608810901641846e-02
-1.080122515559196472e-01
-1.203832626342773438e-01
-6.997992098331451416e-02
-8.498297631740570068e-02
-7.270607352256774902e-02
-1.179035529494285583e-01
-1.166918948292732239e-01
-7.242668420076370239e-02
-7.308774441480636597e-02
-1.576617658138275146e-01
-4.259661585092544556e-02
-1.462891548871994019e-01
-1.455383002758026123e-01
-6.097306683659553528e-02
-1.581201255321502686e-01
-1.144540011882781982e-01
-1.209455728530883789e-01
-1.539961248636245728e-01
-1.985100656747817993e-01
-8.964032679796218872e-02
-8.164294995367527008e-03
-1.525999009609222412e-01
-1.179809644818305969e-01
-1.250642240047454834e-01
-1.518352925777435303e-01
-1.673671156167984009e-01
-9.333415329456329346e-02
-1.273202896118164062e-01
-7.178405672311782837e-02
-1.314719319343566895e-01
-1.723174452781677246e-01
-1.679678559303283691e-01
-1.076864078640937805e-01
-2.233513593673706055e-01
-1.268947273492813110e-01
-1.881485581398010254e-01
-2.529080770909786224e-02
-1.565314680337905884e-01
-1.272996962070465088e-01
-1.692680716514587402e-01
-1.623616367578506470e-02
-1.302160769701004028e-01
-1.605256795883178711e-01
-1.345228105783462524e-01
-1.332888454198837280e-01
-1.605895608663558960e-01
-1.001456156373023987e-01
-8.128035813570022583e-02
-1.532495617866516113e-01
-1.136914268136024475e-01
-1.471017450094223022e-01
-1.442176848649978638e-01
-2.197994142770767212e-01
-5.700600147247314453e-02
-1.065403893589973450e-01
-1.534633934497833252e-01
-1.200548335909843445e-01
-1.612473577260971069e-01
-1.169508323073387146e-01
-9.895780682563781738e-02
-8.116868883371353149e-02
-1.973789334297180176e-01
-1.272878497838973999e-01
-1.608853936195373535e-01
-1.496676802635192871e-01
-1.270510107278823853e-01
-1.965845078229904175e-01
-1.628307439386844635e-02
-1.033320873975753784e-01
-1.117811948060989380e-01
-1.302475780248641968e-01
-1.175865903496742249e-01
-1.111044213175773621e-01
-1.034118086099624634e-01
-1.407803744077682495e-01
-2.037086039781570435e-01
-2.019973695278167725e-01
-1.030292585492134094e-01
-1.877010762691497803e-01
-1.213984191417694092e-01
-1.036861911416053772e-01
-2.257331758737564087e-01
-1.815558075904846191e-01
-1.409289687871932983e-01
-1.174574121832847595e-01
-7.992272078990936279e-02
-1.277665346860885620e-01
-7.674752175807952881e-02
-8.371172100305557251e-02
-7.907660305500030518e-02
-1.058566495776176453e-01
-2.549794018268585205e-01
-1.501921564340591431e-01
-1.410833299160003662e-01
-1.248492747545242310e-01
-8.444756269454956055e-02
-1.246074885129928589e-01
-1.253083944320678711e-01
-9.419896453619003296e-02
-1.329724490642547607e-01
-1.482580304145812988e-01
-6.996399909257888794e-02
-1.264535039663314819e-01
-1.136442348361015320e-01
-8.725365996360778809e-02
-1.333940774202346802e-01
-1.413655132055282593e-01
-7.484166324138641357e-02
-1.253296434879302979e-01
-1.525916010141372681e-01
-8.050580322742462158e-02
-1.375685334205627441e-01
-1.498552411794662476e-01
-1.138573586940765381e-01
-1.054896861314773560e-01
-4.648322984576225281e-02
-7.964164763689041138e-02
-1.146013885736465454e-01
-1.473875641822814941e-01
-1.834428012371063232e-01
-8.964193612337112427e-02
-1.374960392713546753e-01
-1.247724294662475586e-01
-9.601242095232009888e-02
-1.801757663488388062e-01
-1.095323935151100159e-01
-9.969596564769744873e-02
-4.940797016024589539e-02
-2.730820327997207642e-02
-3.323095664381980896e-02
-1.374937295913696289e-01
-2.265943437814712524e-01
-1.334093511104583740e-01
-1.012756377458572388e-01
-1.373191624879837036e-01
-1.416201144456863403e-01
-1.088620051741600037e-01
-1.097682937979698181e-01
-1.278739273548126221e-01
-1.294157952070236206e-01
-7.233938574790954590e-02
-1.507277786731719971e-01
-2.015414685010910034e-01
-5.812670662999153137e-02
-1.018842905759811401e-01
-1.648158282041549683e-01
-1.545144915580749512e-01
-1.899808496236801147e-01
-1.796807646751403809e-01
-1.620453298091888428e-01
-1.194870918989181519e-01
-1.191530674695968628e-01
-1.331879496574401855e-01
-1.832601279020309448e-01
-1.140563189983367920e-01
-1.353591382503509521e-01
-1.438126116991043091e-01
-6.957840174436569214e-02
-1.184415668249130249e-01
-1.085872128605842590e-01
-1.416531652212142944e-01
-1.610357016324996948e-01
-1.348442435264587402e-01
-5.207160487771034241e-02
-1.151659414172172546e-01
-1.269574910402297974e-01
-1.431143134832382202e-01
-1.250125318765640259e-01
-1.592153161764144897e-01
-1.928932815790176392e-01
-1.111617609858512878e-01
-1.255431920289993286e-01
-1.520618945360183716e-01
-1.670700460672378540e-01
-1.330752819776535034e-01
1.764015667140483856e-02
-1.685949414968490601e-01
-1.152637228369712830e-01
-1.306095272302627563e-01
-5.145769193768501282e-02
-4.819434881210327148e-02
-2.903566323220729828e-02
-1.352947652339935303e-01
-1.229546591639518738e-01
-7.250447571277618408e-02
-1.292345523834228516e-01
-1.151068732142448425e-01
-1.401106417179107666e-01
-1.714208126068115234e-01
-1.490758061408996582e-01
-8.134387433528900146e-02
-4.601417854428291321e-02
-1.748671084642410278e-01
-1.204630285501480103e-01
-1.644112616777420044e-01
-1.141152232885360718e-01
-1.435411721467971802e-01
-9.424532204866409302e-02
-2.645201422274112701e-02
-1.727318018674850464e-01
-2.038190513849258423e-01
-2.053772360086441040e-01
-2.397593706846237183e-01
-9.162755310535430908e-02
-2.027956396341323853e-01
6.427582353353500366e-03
-1.687562465667724609e-01
-1.148218512535095215e-01
-1.554408520460128784e-01
-6.704858690500259399e-02
-1.326582878828048706e-01
-3.578043729066848755e-02
-1.673924624919891357e-01
-1.461389958858489990e-01
-1.358664184808731079e-01
-1.523587852716445923e-01
-1.230766177177429199e-01
-1.319663673639297485e-01
-2.026964724063873291e-01
-1.539127081632614136e-01
-3.978162258863449097e-02
-2.205574065446853638e-01
-1.137932017445564270e-01
-1.875528991222381592e-01
-1.046431809663772583e-01
-2.232521474361419678e-01
-1.290300637483596802e-01
-6.491281837224960327e-02
-1.229376196861267090e-01
-1.930748373270034790e-01
-7.964463531970977783e-02
-7.075987011194229126e-02
-1.524881571531295776e-01
-3.467879444360733032e-02
-1.287057846784591675e-01
-4.831093922257423401e-02
-9.402911365032196045e-02
-1.254453510046005249e-01
-8.235873281955718994e-02
-8.684121072292327881e-02
-1.325588822364807129e-01
-1.749254614114761353e-01
-6.773139536380767822e-02
-1.302686929702758789e-01
-1.261080205440521240e-01
-5.761801078915596008e-02
-1.805604994297027588e-01
-1.244698464870452881e-01
-1.237505152821540833e-01
-1.576498448848724365e-01
-2.191020548343658447e-01
-4.847702383995056152e-02
