7.118048667907714844e-01
1.141582131385803223e+00
1.083039999008178711e+00
1.076862573623657227e+00
7.305561900138854980e-01
1.320472717285156250e+00
8.928650021553039551e-01
7.967700958251953125e-01
5.960047245025634766e-01
7.821222543716430664e-01
5.256173014640808105e-01
1.198805451393127441e+00
9.762548208236694336e-01
8.140688538551330566e-01
1.416734099388122559e+00
7.627641558647155762e-01
7.137683629989624023e-01
1.593514084815979004e+00
1.609366893768310547e+00
1.457221627235412598e+00
1.492747902870178223e+00
1.087253212928771973e+00
9.331470727920532227e-01
5.071702599525451660e-01
3.264044821262359619e-01
9.100214838981628418e-01
1.004573345184326172e+00
1.326171994209289551e+00
7.327843308448791504e-01
7.329927086830139160e-01
1.483352899551391602e+00
7.371954321861267090e-01
1.689841747283935547e+00
6.735107302665710449e-01
7.555478215217590332e-01
8.690240979194641113e-01
1.153207659721374512e+00
1.317159295082092285e+00
6.867038011550903320e-01
1.045365571975708008e+00
1.318224310874938965e+00
2.320270776748657227e+00
9.584544301033020020e-01
1.250882863998413086e+00
4.667050838470458984e-01
1.054958939552307129e+00
1.058814287185668945e+00
6.095128059387207031e-01
4.552464485168457031e+00
1.126489281654357910e+00
1.358820080757141113e+00
9.903701543807983398e-01
7.864626049995422363e-01
1.154964804649353027e+00
8.578687310218811035e-01
1.046950578689575195e+00
1.061285138130187988e+00
7.897335886955261230e-01
3.641300201416015625e-01
7.780684828758239746e-01
8.661755919456481934e-01
8.809566497802734375e-01
9.596745967864990234e-01
8.188345432281494141e-01
1.353160619735717773e+00
1.129982590675354004e+00
1.645159840583801270e+00
1.921250939369201660e+00
8.286734223365783691e-01
1.068269968032836914e+00
1.040781736373901367e+00
1.551001310348510742e+00
7.712279558181762695e-01
3.308790326118469238e-01
7.522163391113281250e-01
1.707907438278198242e+00
1.183825612068176270e+00
1.193652749061584473e+00
1.020785331726074219e+00
8.682056665420532227e-01
5.540767908096313477e-01
1.070096850395202637e+00
1.168421506881713867e+00
1.087902069091796875e+00
1.643845677375793457e+00
9.450286626815795898e-01
1.135943412780761719e+00
8.928920626640319824e-01
6.848438978195190430e-01
1.083430409431457520e+00
7.798199057579040527e-01
1.147596478462219238e+00
1.111081123352050781e+00
1.216565370559692383e+00
1.335725426673889160e+00
6.517962813377380371e-01
1.304282903671264648e+00
9.935077428817749023e-01
1.459515929222106934e+00
1.134120941162109375e+00
8.852083683013916016e-01
1.095118880271911621e+00
7.778064012527465820e-01
8.643923997879028320e-01
6.914842128753662109e-01
1.373760819435119629e+00
1.126716732978820801e+00
6.598086953163146973e-01
7.900499105453491211e-01
6.487901210784912109e-01
4.773240387439727783e-01
9.039156436920166016e-01
1.107696175575256348e+00
5.507985949516296387e-01
1.866823792457580566e+00
1.188106775283813477e+00
1.225779652595520020e+00
1.441773056983947754e+00
8.770446181297302246e-01
5.101500034332275391e+00
5.811717510223388672e-01
1.125530004501342773e+00
9.047749042510986328e-01
9.447472691535949707e-01
8.826379179954528809e-01
1.889579057693481445e+00
1.000740408897399902e+00
1.266059994697570801e+00
