-4.798924550414085388e-02
-2.287539392709732056e-01
-2.321782708168029785e-01
-2.948516905307769775e-01
3.598675131797790527e-02
-1.525725424289703369e-01
2.144194766879081726e-02
-1.639869213104248047e-01
-5.334556698799133301e-01
-6.581835150718688965e-01
-9.607540071010589600e-02
-3.595271110534667969e-01
-4.776276946067810059e-01
-6.102175116539001465e-01
-2.808991372585296631e-01
-2.937461435794830322e-01
2.816067934036254883e-01
-8.422527462244033813e-03
-1.760061085224151611e-01
-4.022937417030334473e-01
-2.137383222579956055e-01
-3.556927144527435303e-01
-3.493872582912445068e-01
3.159188032150268555e-01
1.929749548435211182e-01
3.297215327620506287e-02
-1.423080451786518097e-02
-1.021086648106575012e-01
3.245607018470764160e-01
-3.418935835361480713e-01
7.106174528598785400e-02
-1.155723482370376587e-01
-1.715335994958877563e-01
1.100186407566070557e-01
1.382368803024291992e-01
-3.410542607307434082e-01
-1.268271654844284058e-01
1.668072938919067383e-01
-1.042268574237823486e-01
6.167070940136909485e-02
-1.479892879724502563e-01
-3.431501090526580811e-01
-5.127783119678497314e-02
-2.749772667884826660e-01
-3.537766635417938232e-02
1.221434846520423889e-01
-6.306152939796447754e-01
-8.260369300842285156e-02
-4.621610939502716064e-01
-4.282440245151519775e-01
2.678189985454082489e-02
-9.735519438982009888e-02
-4.260169267654418945e-01
-5.661534070968627930e-01
3.289081752300262451e-01
2.665907442569732666e-01
-9.320965409278869629e-02
-3.913117349147796631e-01
-2.263683229684829712e-01
1.573901623487472534e-01
1.949591338634490967e-01
-9.022255986928939819e-02
3.493986129760742188e-01
-7.539124786853790283e-02
-2.149071842432022095e-01
-2.072224915027618408e-01
-2.909668534994125366e-02
-4.098288714885711670e-01
9.313856065273284912e-02
-3.523208200931549072e-01
-3.117018342018127441e-01
-5.859848111867904663e-03
-6.356272697448730469e-01
3.191801020875573158e-03
-2.219645828008651733e-01
2.537211775779724121e-01
-2.469380199909210205e-01
-1.130404844880104065e-01
1.625845558010041714e-03
3.809165582060813904e-02
-1.266713142395019531e-01
4.676488935947418213e-01
-2.360715121030807495e-01
-2.680745124816894531e-01
8.596913889050483704e-03
-5.658050179481506348e-01
-1.693976670503616333e-01
2.060968894511461258e-03
-4.326342642307281494e-01
-3.097918033599853516e-01
1.892210096120834351e-01
-2.231126427650451660e-01
-1.009923070669174194e-01
-2.011341899633407593e-01
-5.740911886096000671e-02
-3.785128593444824219e-01
-3.219392523169517517e-02
-3.203453719615936279e-01
3.594022011384367943e-03
-5.102876424789428711e-01
3.874247670173645020e-01
-6.507698446512222290e-02
-2.220894843339920044e-01
7.965847253799438477e-01
3.011274151504039764e-02
-7.642275094985961914e-01
-1.092885136604309082e-01
-2.558784186840057373e-01
-5.924398303031921387e-01
-4.587868154048919678e-01
-2.623654603958129883e-01
-2.906413972377777100e-01
-5.602455735206604004e-01
-3.626565635204315186e-01
-2.978640496730804443e-01
3.226910829544067383e-01
-2.520530223846435547e-01
-1.956605613231658936e-01
-1.325201392173767090e-01
8.281316608190536499e-02
-1.998559832572937012e-01
-3.518785238265991211e-01
1.437373608350753784e-01
1.439005434513092041e-01
-5.891781449317932129e-01
-5.118743181228637695e-01
1.621138006448745728e-01
1.427390277385711670e-01
-1.789482980966567993e-01
1.428247541189193726e-01
4.662294313311576843e-02
3.373939096927642822e-01
1.945750117301940918e-01
-1.904318183660507202e-01
-4.465025067329406738e-01
-3.680827915668487549e-01
-7.171204090118408203e-01
-6.234312802553176880e-02
-4.487421512603759766e-01
-3.065139651298522949e-01
-5.224719047546386719e-01
-1.818644404411315918e-01
-6.432610750198364258e-01
-9.807107597589492798e-02
-4.546346664428710938e-01
-1.942065656185150146e-01
-1.917788684368133545e-01
-4.470638930797576904e-01
-3.025835156440734863e-01
2.157575190067291260e-01
-2.671960592269897461e-01
-3.023623526096343994e-01
-1.935105919837951660e-01
-4.832014739513397217e-01
-2.932819128036499023e-01
-3.699051439762115479e-01
-4.098134934902191162e-01
-8.676797896623611450e-02
-4.137815237045288086e-01
9.946698695421218872e-02
-3.443663194775581360e-02
1.745751313865184784e-02
-3.994118571281433105e-01
-5.058466792106628418e-01
4.992336332798004150e-01
-6.244235634803771973e-01
4.394795596599578857e-01
1.220638081431388855e-01
-9.150947630405426025e-02
4.384880512952804565e-02
-3.450606763362884521e-01
-3.697503507137298584e-01
-3.414222002029418945e-01
1.034729275852441788e-02
-4.679788649082183838e-01
-2.651087343692779541e-01
-1.592846065759658813e-01
1.477368324995040894e-01
1.835218518972396851e-01
-5.936907529830932617e-01
6.011499166488647461e-01
-4.900808334350585938e-01
-3.326064348220825195e-01
8.822130411863327026e-02
7.193105220794677734e-01
-3.163966909050941467e-02
-1.228296831250190735e-01
-1.479835510253906250e-01
-4.434236586093902588e-01
-3.022754564881324768e-02
-9.767096489667892456e-03
-1.736942827701568604e-01
-4.287968277931213379e-01
-6.035140752792358398e-01
-4.710935056209564209e-01
-2.722849547863006592e-01
-2.585715651512145996e-01
-4.561466276645660400e-01
-1.270605325698852539e-01
-3.636459708213806152e-01
-4.571599066257476807e-01
-2.323159724473953247e-01
-5.164955258369445801e-01
9.140910953283309937e-02
-4.683272838592529297e-01
-1.804566085338592529e-01
-1.234155446290969849e-01
-1.643663048744201660e-01
-3.666121065616607666e-01
1.082073524594306946e-01
-3.709254562854766846e-01
-4.936777055263519287e-01
-1.011721044778823853e-01
1.054141148924827576e-01
-4.709759056568145752e-01
2.865662574768066406e-01
-4.174238443374633789e-01
8.888937532901763916e-03
8.943269401788711548e-02
-2.368170320987701416e-01
5.202038213610649109e-02
2.522047758102416992e-01
8.150986582040786743e-02
-2.504647076129913330e-01
-1.407765001058578491e-01
-1.009678542613983154e-01
-2.505328357219696045e-01
-1.632588542997837067e-02
1.668892502784729004e-01
-5.595212578773498535e-01
-6.326734423637390137e-01
1.554487198591232300e-01
-2.661046087741851807e-01
-2.725383639335632324e-01
-6.496769189834594727e-01
-1.946043372154235840e-01
1.178223490715026855e-01
-1.759843379259109497e-01
7.645913865417242050e-03
-1.940457373857498169e-01
1.219156607985496521e-01
-1.063227057456970215e-01
-7.768943160772323608e-02
-2.437108159065246582e-01
1.280603706836700439e-01
1.008898466825485229e-01
-3.347548842430114746e-01
-4.036019146442413330e-01
6.033851951360702515e-02
-4.243490397930145264e-01
-3.030908703804016113e-01
-3.757020831108093262e-01
-3.406068682670593262e-02
-4.788865149021148682e-01
-2.577596604824066162e-01
-1.375457793474197388e-01
1.542796194553375244e-01
-4.596239924430847168e-01
1.261793971061706543e-01
5.169063210487365723e-01
-1.297667473554611206e-01
3.996198996901512146e-02
-3.577949106693267822e-01
-5.660622715950012207e-01
-4.935516417026519775e-02
3.715717792510986328e-02
-1.453565657138824463e-01
-1.265998780727386475e-01
-3.311518430709838867e-01
-4.170561730861663818e-01
-4.745238125324249268e-01
-7.083005905151367188e-01
-8.880379796028137207e-02
1.301852613687515259e-02
1.679482161998748779e-01
-3.497209548950195312e-01
-1.511743571609258652e-02
-3.774887323379516602e-01
-3.751483261585235596e-01
-2.981423735618591309e-01
-5.387970209121704102e-01
2.915814518928527832e-02
-1.965732872486114502e-01
1.210914775729179382e-01
-3.264470100402832031e-01
-3.273142874240875244e-01
-3.504242599010467529e-01
-1.293895691633224487e-01
-4.540128260850906372e-02
-3.279723823070526123e-01
-3.855505883693695068e-01
-1.503262966871261597e-01
-1.913726180791854858e-01
1.008277386426925659e-01
-2.244235873222351074e-01
-1.133046001195907593e-01
-4.216610491275787354e-01
-2.058197855949401855e-01
-3.125143423676490784e-02
-2.497938573360443115e-01
-3.497172594070434570e-01
4.092340171337127686e-01
5.151333287358283997e-02
1.115513667464256287e-01
-4.208601117134094238e-01
-3.013714551925659180e-01
-2.702793776988983154e-01
-1.841379851102828979e-01
-2.987065315246582031e-01
1.913145482540130615e-01
-3.015717566013336182e-01
-1.987463980913162231e-02
5.231797099113464355e-01
-3.851579427719116211e-01
-5.481492877006530762e-01
-2.116585373878479004e-01
-3.853914737701416016e-01
2.850236557424068451e-02
-1.966410279273986816e-01
-4.145461916923522949e-01
-1.515273749828338623e-01
-2.314327806234359741e-01
-7.337791919708251953e-01
-5.725871324539184570e-01
-2.008659243583679199e-01
2.267013937234878540e-01
-1.023665964603424072e-01
-2.149150073528289795e-01
-4.450899362564086914e-01
-4.766740798950195312e-01
1.394663006067276001e-01
6.842390447854995728e-02
-2.239940613508224487e-01
1.785851567983627319e-01
-1.927151679992675781e-01
-4.140646457672119141e-01
-4.260248839855194092e-01
-2.269240021705627441e-01
2.519900798797607422e-01
-6.230330094695091248e-02
-6.376550793647766113e-01
-4.598794281482696533e-01
1.179379671812057495e-01
-1.927801370620727539e-01
-1.831523329019546509e-01
-1.850651651620864868e-01
-3.524227142333984375e-01
-8.077259659767150879e-01
-1.411154586821794510e-02
-3.863517045974731445e-01
2.595182359218597412e-01
-2.717468142509460449e-01
-6.997794657945632935e-02
1.065698191523551941e-01
-2.072815597057342529e-01
-4.389272332191467285e-01
-1.282764226198196411e-01
-1.397896558046340942e-01
-1.482946127653121948e-01
-1.505753397941589355e-01
2.712196111679077148e-01
5.461326241493225098e-02
7.080469746142625809e-03
-3.528535962104797363e-01
-3.573486208915710449e-02
-2.091318815946578979e-01
-9.629845619201660156e-02
1.692252010107040405e-01
-4.686328172683715820e-01
-4.710708260536193848e-01
7.283659279346466064e-02
-4.013331830501556396e-01
-1.843155026435852051e-01
-2.490142732858657837e-01
-4.219149351119995117e-01
-2.046168446540832520e-01
-4.072609245777130127e-01
-3.159847855567932129e-01
-2.102633863687515259e-01
-3.750912249088287354e-01
-5.329861640930175781e-01
-2.885381281375885010e-01
-2.672674357891082764e-01
6.280881166458129883e-02
-1.832583099603652954e-01
-8.238521218299865723e-02
-3.400236666202545166e-01
-3.281235992908477783e-01
-5.110857486724853516e-01
-3.835133835673332214e-02
-2.650457918643951416e-01
-2.116363346576690674e-01
-3.079192936420440674e-01
2.203289233148097992e-02
-4.196560978889465332e-01
1.800464242696762085e-01
-3.400431573390960693e-02
-6.384901404380798340e-01
-1.929053664207458496e-01
-1.159875467419624329e-01
-1.132312417030334473e-01
1.283473670482635498e-01
-2.687523961067199707e-01
-8.806569874286651611e-02
-4.585750997066497803e-01
-1.722976118326187134e-01
-2.685947418212890625e-01
-1.169009506702423096e-01
-7.354010641574859619e-02
-5.397488474845886230e-01
-2.621070742607116699e-01
-9.021390080451965332e-01
-5.773707479238510132e-02
-3.406454622745513916e-01
-1.239590272307395935e-01
2.892463207244873047e-01
-3.983486890792846680e-01
-2.459280490875244141e-01
1.653852015733718872e-01
-2.485876679420471191e-01
-2.649421095848083496e-01
9.926323546096682549e-04
1.638347059488296509e-01
-4.359371066093444824e-01
-2.027397230267524719e-02
-2.251606434583663940e-01
-5.904411673545837402e-01
-7.652783393859863281e-02
-5.780827999114990234e-01
3.173953890800476074e-01
4.684793204069137573e-02
2.153596468269824982e-02
-3.048896193504333496e-01
1.326301246881484985e-01
-7.823807001113891602e-02
4.840204492211341858e-02
1.409648507833480835e-01
-3.807763457298278809e-01
-2.477191835641860962e-01
-2.708328068256378174e-01
-2.427574619650840759e-02
-3.243417441844940186e-01
-7.143408656120300293e-01
-2.370831519365310669e-01
-3.053598701953887939e-01
3.775151073932647705e-01
-3.892720639705657959e-01
-2.573351860046386719e-01
-2.085082381963729858e-01
-4.550951346755027771e-02
-2.831652462482452393e-01
-4.750950038433074951e-01
-1.688583195209503174e-01
-1.649486869573593140e-01
-1.370245963335037231e-01
-4.958333075046539307e-02
-1.822081953287124634e-01
-2.444226741790771484e-01
-5.714566707611083984e-01
3.267398104071617126e-02
-3.967469334602355957e-01
-2.817902863025665283e-01
-1.091971062123775482e-02
-2.495518326759338379e-01
-1.943859010934829712e-01
-4.670323729515075684e-01
-5.240733176469802856e-02
-1.054491847753524780e-01
-2.429340481758117676e-01
-4.104534685611724854e-01
-3.380433022975921631e-01
-4.923067390918731689e-01
-2.245051562786102295e-01
3.318382799625396729e-01
-1.480537950992584229e-01
8.556962013244628906e-02
-2.802806496620178223e-01
-6.128155067563056946e-02
1.332747042179107666e-01
-4.799327254295349121e-02
-8.693458884954452515e-02
-2.964881360530853271e-01
-2.016817033290863037e-01
-4.428121149539947510e-01
-2.118328660726547241e-01
-2.512448728084564209e-01
-4.360795021057128906e-01
-2.097244560718536377e-01
-2.990116477012634277e-01
-4.282049834728240967e-01
-3.911970853805541992e-01
-3.534323275089263916e-01
1.019432693719863892e-01
-4.204620122909545898e-01
-1.229832842946052551e-01
-4.879921302199363708e-02
1.683979853987693787e-02
-3.948112726211547852e-01
-1.703543961048126221e-01
-1.661678403615951538e-01
-2.632733285427093506e-01
-1.439022570848464966e-01
-3.094244599342346191e-01
-2.441195398569107056e-01
1.904011368751525879e-01
1.901943534612655640e-01
-2.409015744924545288e-01
-8.547674119472503662e-02
-7.744003087282180786e-02
-1.370220538228750229e-02
4.413636028766632080e-01
-4.953642487525939941e-01
-3.889906704425811768e-01
-1.824256777763366699e-01
-1.934783067554235458e-03
-1.460504084825515747e-01
8.959075063467025757e-02
-2.121510207653045654e-01
-2.512802183628082275e-01
3.425534069538116455e-01
-1.627789586782455444e-01
-4.455591738224029541e-01
-2.284634858369827271e-02
-3.980697393417358398e-01
-1.043989807367324829e-01
-4.967520236968994141e-01
-4.086028784513473511e-02
-2.830700278282165527e-01
3.716498017311096191e-01
-4.281170666217803955e-01
-1.783923208713531494e-01
-2.693662047386169434e-01
-3.806115984916687012e-01
2.201414406299591064e-01
-7.286202907562255859e-02
1.924492418766021729e-02
-4.996287524700164795e-01
-4.899753630161285400e-01
-1.765412092208862305e-01
5.103449821472167969e-01
-1.113270819187164307e-01
3.717721104621887207e-01
-2.576355338096618652e-01
9.457997232675552368e-02
-2.119736820459365845e-01
-1.689126789569854736e-01
4.853443428874015808e-02
-4.760354757308959961e-01
-3.922490775585174561e-01
-3.936332166194915771e-01
1.812944188714027405e-02
-2.403343021869659424e-01
-2.404234260320663452e-01
-2.937175333499908447e-01
-1.305717676877975464e-01
-2.739957273006439209e-01
-4.213575124740600586e-01
-6.057330593466758728e-02
-2.562177479267120361e-01
-4.209129512310028076e-01
4.820173606276512146e-02
-2.556710839271545410e-01
-6.346774101257324219e-02
-3.088609576225280762e-01
-2.388984411954879761e-01
7.343803346157073975e-02
-4.577047005295753479e-02
-1.910571604967117310e-01
-4.335625469684600830e-01
6.488800048828125000e-02
-2.554188370704650879e-01
4.350981116294860840e-02
-1.401489377021789551e-01
-1.254185885190963745e-01
-1.114928126335144043e-01
-2.576076388359069824e-01
-2.862622141838073730e-01
4.834140241146087646e-01
-1.419448256492614746e-01
-2.185529768466949463e-01
-2.633780539035797119e-01
1.545191407203674316e-01
-1.836465746164321899e-01
3.514796122908592224e-02
-5.581622719764709473e-01
2.500429400242865086e-04
-2.662090361118316650e-01
-4.022840261459350586e-01
5.963074788451194763e-02
-1.364738792181015015e-01
-5.784987211227416992e-01
-3.566809594631195068e-01
-2.126260250806808472e-01
-5.824252963066101074e-01
1.858464330434799194e-01
-4.961150586605072021e-01
-2.778682410717010498e-01
-2.142866998910903931e-01
-2.599187567830085754e-02
-2.993730008602142334e-01
6.539724022150039673e-02
-4.092499911785125732e-01
-1.668196767568588257e-01
-1.720104217529296875e-01
-2.192488163709640503e-01
-4.556637406349182129e-01
-2.834401726722717285e-01
-4.769502282142639160e-01
-4.906419515609741211e-01
-4.498896598815917969e-01
-1.877616643905639648e-01
-3.805842995643615723e-01
-2.990509867668151855e-01
9.228067472577095032e-03
-2.327897399663925171e-01
9.547074884176254272e-02
4.673797190189361572e-01
-4.149683117866516113e-01
-4.282333254814147949e-01
-4.087990224361419678e-01
2.195047400891780853e-02
-2.443842142820358276e-01
-4.087932109832763672e-01
-1.894460469484329224e-01
-4.317852258682250977e-01
-3.605454564094543457e-01
-6.032595634460449219e-01
3.995707333087921143e-01
1.533727794885635376e-01
-3.216896355152130127e-01
3.910287618637084961e-01
-1.368240565061569214e-01
2.977609634399414062e-01
1.472432017326354980e-01
-2.700388133525848389e-01
2.413600981235504150e-01
-3.067723512649536133e-01
-5.606967806816101074e-01
-1.986971348524093628e-01
-3.338488638401031494e-01
-7.774098515510559082e-01
-5.568542480468750000e-01
-1.508857309818267822e-01
-2.306555584073066711e-02
-2.856783270835876465e-01
-3.095207810401916504e-01
-2.194168567657470703e-01
-6.648106873035430908e-02
1.486652791500091553e-01
-2.241159379482269287e-01
-1.711329221725463867e-01
-2.305583506822586060e-01
-8.871269971132278442e-02
2.763591706752777100e-01
6.265107542276382446e-02
1.726166605949401855e-01
-6.068373098969459534e-02
-4.301650822162628174e-01
-1.322108060121536255e-01
-4.527105689048767090e-01
-6.597516536712646484e-01
1.933332830667495728e-01
1.656633913516998291e-01
-5.458216667175292969e-01
1.538501083850860596e-01
5.202238559722900391e-01
-2.406018786132335663e-02
-1.434681266546249390e-01
-2.493578046560287476e-01
-3.222495019435882568e-01
-2.691453695297241211e-01
-6.019631400704383850e-02
-2.313794344663619995e-01
-1.653446443378925323e-02
-2.177568525075912476e-01
-1.765246689319610596e-01
-4.699781909584999084e-02
5.021478533744812012e-01
4.447876811027526855e-01
-3.226213753223419189e-01
-3.571575284004211426e-01
-2.552591562271118164e-01
-2.789128720760345459e-01
-4.634142294526100159e-02
1.551118493080139160e-01
-4.426695108413696289e-01
-3.452365398406982422e-01
-4.288959205150604248e-01
-2.546959221363067627e-01
-2.848802506923675537e-01
-2.495414316654205322e-01
-1.840980350971221924e-01
-2.593767046928405762e-01
-2.707125246524810791e-01
-3.009496331214904785e-01
-3.262201249599456787e-01
-6.058465838432312012e-01
-5.112947821617126465e-01
-5.921095013618469238e-01
-3.437013924121856689e-01
-4.315010905265808105e-01
-6.243120431900024414e-01
6.184107065200805664e-02
-3.001050651073455811e-01
2.496705204248428345e-01
-2.121098488569259644e-01
-5.838963985443115234e-01
-4.416800662875175476e-02
6.685735192149877548e-03
-2.112954705953598022e-01
-1.393564194440841675e-01
-3.483107686042785645e-01
-5.569702386856079102e-01
-4.688371717929840088e-01
2.156933955848217010e-02
-2.714808583259582520e-01
-5.889202952384948730e-01
4.039969742298126221e-01
-1.901724189519882202e-01
-2.314814627170562744e-01
-4.101636707782745361e-01
-5.953621119260787964e-03
4.664386436343193054e-02
4.904810488224029541e-01
7.599489390850067139e-02
-7.212851941585540771e-02
-1.462040841579437256e-01
-4.993558526039123535e-01
-1.578860282897949219e-01
1.559765487909317017e-01
1.005837768316268921e-01
-5.442426800727844238e-01
-2.449477016925811768e-01
-1.708592176437377930e-01
-4.052693396806716919e-02
-5.620175004005432129e-01
-4.341860115528106689e-01
6.368402838706970215e-01
-2.517380118370056152e-01
-1.245402321219444275e-01
-2.035105526447296143e-01
-2.000416815280914307e-01
-4.539797902107238770e-01
-6.641218811273574829e-02
-1.012533307075500488e-01
-2.317846566438674927e-02
1.414361782371997833e-02
-3.553358912467956543e-01
4.973047971725463867e-02
-2.623054683208465576e-01
-2.337222397327423096e-01
-4.003728330135345459e-01
-6.178350448608398438e-01
-3.234864771366119385e-01
-3.143146932125091553e-01
-4.549954831600189209e-01
-1.025740578770637512e-01
2.356455288827419281e-02
-1.814624965190887451e-01
3.338731080293655396e-02
-2.902273833751678467e-02
-1.964355260133743286e-01
-3.491355478763580322e-01
-1.324628889560699463e-01
-1.519083827733993530e-01
-7.089443206787109375e-01
-4.733653068542480469e-01
-4.118838906288146973e-02
-5.151655673980712891e-01
-2.934023737907409668e-01
-6.666871309280395508e-01
-2.284771800041198730e-01
6.437824666500091553e-02
-8.373798429965972900e-02
-7.025700807571411133e-01
-5.579184293746948242e-01
-4.422971010208129883e-01
-4.107111394405364990e-01
3.814388811588287354e-02
-3.673913776874542236e-01
-1.417978107929229736e-01
9.967739135026931763e-02
-2.470188140869140625e-01
-1.641637980937957764e-01
-1.301090568304061890e-01
-4.643906652927398682e-01
5.485225915908813477e-01
1.399407088756561279e-01
-5.341750755906105042e-02
4.162362217903137207e-01
2.888714373111724854e-01
-3.715781569480895996e-01
1.095952615141868591e-01
-6.477585434913635254e-01
-6.841028332710266113e-01
-6.912035495042800903e-02
4.553623497486114502e-02
-4.160549044609069824e-01
-2.158828675746917725e-01
2.435198239982128143e-02
-3.586480915546417236e-01
-1.331056356430053711e-01
8.427677303552627563e-02
-1.151590868830680847e-01
-3.075961768627166748e-01
-1.643627882003784180e-01
-4.871706664562225342e-01
-3.078731298446655273e-01
-3.566875457763671875e-01
-1.201504170894622803e-01
-1.765206903219223022e-01
5.080295205116271973e-01
-1.780428588390350342e-01
-3.277403414249420166e-01
1.134963035583496094e-01
-3.890468478202819824e-01
-5.029942095279693604e-02
-4.596419632434844971e-02
-2.898814082145690918e-01
-4.293779134750366211e-01
-5.780532360076904297e-01
-1.220540851354598999e-01
2.028039423748850822e-03
-2.537832260131835938e-01
7.857024669647216797e-02
-1.269866526126861572e-01
1.631647646427154541e-01
1.485196202993392944e-01
-3.340639472007751465e-01
-9.729539602994918823e-02
-3.613367378711700439e-01
-1.934912055730819702e-01
-3.996895849704742432e-01
3.766564130783081055e-01
2.519741058349609375e-01
-1.376428753137588501e-01
-2.269626706838607788e-01
1.860806941986083984e-01
1.555101126432418823e-01
1.533794552087783813e-01
1.842336952686309814e-01
-2.406202703714370728e-01
-1.721961945295333862e-01
-4.103554040193557739e-02
-1.859440952539443970e-01
-1.623449772596359253e-01
-1.055323481559753418e-01
-5.311848521232604980e-01
-2.062183171510696411e-01
-5.596355795860290527e-01
-1.927702128887176514e-01
-6.899887323379516602e-02
5.992508307099342346e-02
-5.452075041830539703e-03
1.431395560503005981e-01
-1.287683248519897461e-01
-2.861977815628051758e-01
-3.302547335624694824e-01
-3.199116587638854980e-01
4.898372106254100800e-03
-6.772574502974748611e-03
-1.968445777893066406e-01
6.457833945751190186e-02
-6.673431396484375000e-01
-4.965637326240539551e-01
-2.213652878999710083e-01
-2.946340143680572510e-01
-9.050928056240081787e-02
-5.494139790534973145e-01
-3.174883425235748291e-01
-4.234342277050018311e-01
-5.575664043426513672e-01
-4.519716277718544006e-02
3.981075584888458252e-01
-2.125169485807418823e-01
-1.154381334781646729e-01
-3.785121738910675049e-01
-2.457263320684432983e-01
-3.324328362941741943e-02
-4.307487607002258301e-01
-2.606572508811950684e-01
-8.285135626792907715e-01
2.835905365645885468e-02
2.591426968574523926e-01
-3.185405582189559937e-02
-3.404754996299743652e-01
-3.357465565204620361e-01
5.511867403984069824e-01
3.562117367982864380e-02
-7.378986477851867676e-01
-1.853978075087070465e-02
6.440494060516357422e-01
-1.748597025871276855e-01
1.030150428414344788e-01
-7.115771174430847168e-01
9.956505894660949707e-02
-2.784711122512817383e-01
1.607108265161514282e-01
-4.386189579963684082e-01
-4.626767933368682861e-01
-5.793618410825729370e-02
-3.006792366504669189e-01
-4.520812630653381348e-01
-1.856151670217514038e-01
7.805063575506210327e-02
9.079738706350326538e-02
7.804854512214660645e-01
-3.676754236221313477e-01
2.451786547899246216e-01
-6.369749307632446289e-01
-1.390490680932998657e-01
-5.744318664073944092e-02
-2.878606319427490234e-01
-2.577667236328125000e-01
-2.953465878963470459e-01
-3.677866458892822266e-01
-5.794105529785156250e-01
-4.260609447956085205e-01
-2.567027509212493896e-01
2.958272695541381836e-01
-4.597413241863250732e-01
7.948815822601318359e-03
-3.533544540405273438e-01
-1.891552060842514038e-01
-3.073953390121459961e-01
-4.949093461036682129e-01
-9.337655454874038696e-02
-4.956433773040771484e-01
-6.011689305305480957e-01
7.916316390037536621e-02
-3.625390529632568359e-01
-2.441275119781494141e-01
-1.564395725727081299e-01
3.215146437287330627e-02
-5.367794074118137360e-03
-3.772356510162353516e-01
-1.202687025070190430e-01
-2.105880379676818848e-01
-3.771472275257110596e-01
-1.544966399669647217e-01
-5.230748653411865234e-02
-1.694295257329940796e-01
1.231016218662261963e-01
-6.725499033927917480e-01
-1.437596529722213745e-01
3.338994383811950684e-01
2.583648562431335449e-01
-1.979340463876724243e-01
2.610491514205932617e-01
-1.606584638357162476e-01
-6.155341267585754395e-01
3.856234252452850342e-01
1.136764734983444214e-01
-2.268792241811752319e-01
-1.447014361619949341e-01
-2.902595996856689453e-01
-8.765795826911926270e-02
-3.366450592875480652e-02
1.916160434484481812e-01
2.852270901203155518e-01
-2.465803176164627075e-01
-2.426685988903045654e-01
-1.656046062707901001e-01
-5.573341846466064453e-01
-1.324788387864828110e-02
-4.237895831465721130e-02
-3.090453743934631348e-01
-1.089026033878326416e-01
-3.004937171936035156e-01
-1.344415247440338135e-01
-1.751342415809631348e-01
2.397020310163497925e-01
-5.622533559799194336e-01
3.515968844294548035e-02
-1.815338879823684692e-01
8.523808792233467102e-03
-2.478563636541366577e-01
-1.328773647546768188e-01
-2.820476293563842773e-01
-3.989264667034149170e-01
-3.304358422756195068e-01
-4.975843727588653564e-01
-2.994660437107086182e-01
-3.315311670303344727e-01
5.028641968965530396e-02
-6.888312101364135742e-01
-2.200797498226165771e-01
-3.148904442787170410e-01
1.085363999009132385e-01
4.843865707516670227e-02
-1.036288589239120483e-01
-1.030783653259277344e-01
-1.548682451248168945e-01
-3.743427097797393799e-01
1.100368425250053406e-01
-3.639453649520874023e-01
-2.915919758379459381e-02
5.840991064906120300e-02
3.278617188334465027e-02
-5.263462066650390625e-01
-3.741696774959564209e-01
4.003071486949920654e-01
-3.649339079856872559e-01
-4.153128862380981445e-01
-4.500745236873626709e-01
-1.044509559869766235e-01
-3.719833791255950928e-01
-1.850567758083343506e-01
4.795044288039207458e-02
2.034550756216049194e-01
-4.654937684535980225e-01
-1.408928632736206055e-01
-3.555579781532287598e-01
-5.318992137908935547e-01
-2.370418608188629150e-01
-5.134204030036926270e-01
-2.374813407659530640e-01
-5.982962846755981445e-01
1.009709239006042480e-01
-1.974258720874786377e-01
-2.605975270271301270e-01
-3.971154987812042236e-01
-6.203249692916870117e-01
-4.175688624382019043e-01
