1.693238139152526855e+00
-4.895542144775390625e+00
1.744470000267028809e+00
3.266097068786621094e+00
2.157758474349975586e+00
4.146666049957275391e+00
2.378157138824462891e+00
-3.603897333145141602e+00
4.163834095001220703e+00
3.526593446731567383e+00
-3.991501808166503906e+00
-5.068187117576599121e-01
1.000564575195312500e+01
1.085299682617187500e+01
-1.147536635398864746e+00
7.072933673858642578e+00
6.844869852066040039e-01
-4.634243011474609375e+00
2.781582593917846680e+00
9.758475303649902344e+00
-5.985265374183654785e-01
-8.616862893104553223e-01
-2.730909347534179688e+00
-3.163804769515991211e+00
2.370026350021362305e+00
1.944615125656127930e+00
-7.724462985992431641e+00
-4.967733383178710938e+00
-3.312787771224975586e+00
-2.225683927536010742e+00
2.287247419357299805e+00
6.494778156280517578e+00
9.675984382629394531e+00
-7.803263187408447266e+00
9.331493377685546875e+00
-4.596630573272705078e+00
-3.118006326258182526e-02
8.918482780456542969e+00
2.367549657821655273e+00
1.247227859497070312e+01
7.497747898101806641e+00
3.781083106994628906e+00
9.773487091064453125e+00
-1.927312278747558594e+01
-1.172289180755615234e+01
5.370903968811035156e+00
3.251487493515014648e+00
4.830512523651123047e+00
8.382730484008789062e+00
2.624208688735961914e+00
-5.420688986778259277e-01
5.035071372985839844e+00
-3.110901594161987305e+00
-2.742722988128662109e+00
1.153249168395996094e+01
3.063139677047729492e+00
-2.274029731750488281e+00
8.362467288970947266e-01
-8.676513671875000000e+00
-4.582788467407226562e+00
-5.200875282287597656e+00
-9.039913177490234375e+00
3.296670913696289062e+00
-2.849336147308349609e+00
2.341243028640747070e+00
1.293845176696777344e+01
8.712377548217773438e-01
2.168083572387695312e+01
-6.852061271667480469e+00
-4.031137943267822266e+00
-5.124840736389160156e+00
-7.143717288970947266e+00
5.301136016845703125e+00
5.797963142395019531e+00
4.723186969757080078e+00
-1.913790702819824219e+00
-1.126053333282470703e+00
-6.909220695495605469e+00
-3.971232846379280090e-02
5.570415019989013672e+00
-8.395746231079101562e+00
5.486539363861083984e+00
-8.596016883850097656e+00
-2.160990476608276367e+00
-2.792092561721801758e+00
1.518164157867431641e+00
4.770720005035400391e+00
4.937749385833740234e+00
9.664790630340576172e-01
-2.828628540039062500e+00
-8.091854095458984375e+00
6.777036190032958984e+00
-4.592466354370117188e+00
1.274160957336425781e+01
-5.825387239456176758e-01
9.540474891662597656e+00
1.834941864013671875e+00
3.520096302032470703e+00
1.466993540525436401e-01
-4.342996120452880859e+00
2.814607143402099609e+00
7.184399127960205078e+00
-1.191611766815185547e+01
-2.409562095999717712e-02
-1.992544412612915039e+00
5.983022689819335938e+00
-7.939549922943115234e+00
2.001776218414306641e+00
1.791880011558532715e+00
-2.344074249267578125e+01
-1.015860557556152344e+00
2.909907579421997070e+00
2.221245527267456055e+00
-3.119218349456787109e+00
2.586201906204223633e+00
7.268427371978759766e+00
-1.000240898132324219e+01
6.847455501556396484e+00
3.922843933105468750e-01
1.506776905059814453e+01
-1.088664770126342773e+00
5.222228527069091797e+00
4.148625373840332031e+00
-2.855664730072021484e+00
-4.545947074890136719e+00
2.274356126785278320e+00
1.297197818756103516e+01
1.315783786773681641e+01
1.252129840850830078e+01
5.693543434143066406e+00
2.763200283050537109e+00
-8.861347198486328125e+00
-4.398344039916992188e+00
7.896998882293701172e+00
-3.000267505645751953e+00
-1.538956999778747559e+00
5.301762580871582031e+00
-2.692265272140502930e+00
3.462368488311767578e+00
5.899293422698974609e-01
1.683855295181274414e+00
9.826215744018554688e+00
2.273963212966918945e+00
-5.796874046325683594e+00
1.310395622253417969e+01
-2.216091632843017578e+00
-1.905362510681152344e+01
-3.869413614273071289e+00
-4.556686431169509888e-02
8.446583747863769531e-01
1.479297399520874023e+00
-1.282304286956787109e+00
2.952140808105468750e+00
-8.943616598844528198e-02
-8.635157346725463867e-01
-4.320919990539550781e+00
7.963950634002685547e+00
5.642795562744140625e+00
-7.242443561553955078e+00
3.573908329010009766e+00
3.010402679443359375e+00
-4.242358684539794922e+00
-5.411957263946533203e+00
5.961352348327636719e+00
6.702075958251953125e+00
5.180022716522216797e+00
8.072952270507812500e+00
-3.131748676300048828e+00
1.092989802360534668e+00
5.350539207458496094e+00
1.078024506568908691e+00
-1.805235981941223145e+00
-7.844084739685058594e+00
4.456380367279052734e+00
8.900155067443847656e+00
-4.780426502227783203e+00
1.068509817123413086e+00
-9.679994583129882812e-01
5.550370216369628906e+00
1.826846599578857422e+00
-5.064797997474670410e-01
7.991309463977813721e-02
-5.908316612243652344e+00
1.111701965332031250e+01
-8.378178596496582031e+00
3.564762353897094727e+00
-1.029285073280334473e+00
-8.171076774597167969e+00
4.058636188507080078e+00
-1.170883655548095703e+00
-4.125970363616943359e+00
-2.245786428451538086e+00
-4.273610711097717285e-01
7.954043865203857422e+00
4.168784141540527344e+00
-4.666056632995605469e+00
-7.355411052703857422e+00
-7.151338100433349609e+00
5.059183120727539062e+00
9.660955429077148438e+00
-3.340138912200927734e+00
1.515551471710205078e+01
2.387318611145019531e+00
7.937149047851562500e+00
-2.121258497238159180e+00
-1.168739986419677734e+01
6.697325408458709717e-02
-3.906524419784545898e+00
1.556949019432067871e+00
3.025911450386047363e-01
-1.091055646538734436e-01
-7.901660919189453125e+00
5.813607692718505859e+00
1.698868989944458008e+00
-7.027471065521240234e+00
-7.858111858367919922e+00
6.359046936035156250e+00
-5.841078281402587891e+00
-6.746972084045410156e+00
7.342651367187500000e+00
2.110131025314331055e+00
-3.999391317367553711e+00
-7.795682907104492188e+00
3.038445234298706055e+00
-5.848501205444335938e+00
8.303036689758300781e+00
8.309799194335937500e+00
-1.030959606170654297e+00
-2.759766578674316406e+00
5.755543708801269531e+00
5.060051441192626953e+00
-5.134436607360839844e+00
-7.592688083648681641e+00
-1.397046089172363281e+01
3.588751316070556641e+00
-8.206311225891113281e+00
4.381742328405380249e-02
-2.784547328948974609e+00
-8.601727485656738281e+00
-4.827518939971923828e+00
5.113329410552978516e+00
1.852187538146972656e+01
1.278224754333496094e+01
1.481572031974792480e+00
4.194330692291259766e+00
-1.092840099334716797e+01
-3.110280036926269531e+00
4.161598205566406250e+00
8.823868751525878906e+00
-9.980279207229614258e-01
-4.550052165985107422e+00
-5.435100555419921875e+00
-1.126079845428466797e+01
2.415974140167236328e+00
-1.401536178588867188e+01
-4.473740100860595703e+00
5.132059454917907715e-01
-1.091687679290771484e+00
5.358748435974121094e+00
-4.840824604034423828e+00
-3.278594732284545898e+00
-3.935916423797607422e+00
8.615859985351562500e+00
3.910488367080688477e+00
5.192659378051757812e+00
1.348876762390136719e+01
-2.904489517211914062e+00
-6.642275333404541016e+00
1.277330684661865234e+01
-7.790864944458007812e+00
-1.348851442337036133e+00
8.673967361450195312e+00
-2.580540657043457031e+00
-3.500590026378631592e-01
-1.540900468826293945e+00
-5.582592010498046875e+00
5.670785427093505859e+00
-1.198632240295410156e+00
5.495717525482177734e+00
3.710260152816772461e+00
-3.405863285064697266e+00
9.034987449645996094e+00
2.373920679092407227e+00
3.324137926101684570e+00
-2.534903585910797119e-01
-2.147765874862670898e+00
1.019731140136718750e+01
-9.768574714660644531e+00
2.414273172616958618e-01
1.451239013671875000e+01
-3.910306453704833984e+00
-6.324285507202148438e+00
-5.559700965881347656e+00
9.705476760864257812e+00
4.165164470672607422e+00
-2.816376090049743652e-01
1.201320266723632812e+01
6.587325572967529297e+00
5.583826065063476562e+00
8.589569091796875000e+00
9.663997888565063477e-01
-3.953229427337646484e+00
-6.549312114715576172e+00
7.282180309295654297e+00
-3.740315914154052734e+00
-4.004915714263916016e+00
5.322593212127685547e+00
-6.900513172149658203e+00
-3.764270544052124023e+00
-5.585928440093994141e+00
2.573117733001708984e+00
4.680747985839843750e+00
1.073121643066406250e+01
2.008430719375610352e+00
-2.623459100723266602e+00
1.092280960083007812e+01
-7.464374542236328125e+00
2.613759517669677734e+00
-9.140344858169555664e-01
-1.086964225769042969e+01
-5.582329750061035156e+00
3.254775762557983398e+00
-8.498054504394531250e+00
-2.869342267513275146e-01
1.356547951698303223e+00
-6.163908958435058594e+00
-9.028509855270385742e-01
3.386929750442504883e+00
-2.585626840591430664e+00
-2.784734666347503662e-01
-1.378172934055328369e-01
4.472138404846191406e+00
-7.164896965026855469e+00
-3.144728422164916992e+00
8.598489761352539062e+00
5.736966609954833984e+00
1.975495576858520508e+00
-6.739138126373291016e+00
1.942518472671508789e+00
9.782590270042419434e-01
9.173548698425292969e+00
-6.308949947357177734e+00
6.920135617256164551e-01
-2.927663326263427734e+00
-3.975215196609497070e+00
-7.041156768798828125e+00
-6.106753349304199219e+00
1.482507944107055664e+00
-4.637158393859863281e+00
3.334045410156250000e+00
9.527422904968261719e+00
-1.352716445922851562e+01
-1.117269229888916016e+01
-5.302662849426269531e+00
5.295253276824951172e+00
5.311554908752441406e+00
8.413455963134765625e+00
7.107300281524658203e+00
-7.279306411743164062e+00
7.601278305053710938e+00
3.575474977493286133e+00
-8.687694549560546875e+00
3.013601779937744141e+00
-1.687861084938049316e+00
-3.871819019317626953e+00
-4.372463703155517578e+00
2.000520467758178711e+00
-6.013766765594482422e+00
-6.118094444274902344e+00
4.865200996398925781e+00
1.502738285064697266e+01
-1.475272417068481445e+00
-7.066630840301513672e+00
-1.496858239173889160e+00
6.775536537170410156e+00
-1.597508311271667480e+00
-8.915642738342285156e+00
-2.011460304260253906e+00
9.180136680603027344e+00
4.138763904571533203e+00
1.114930957555770874e-01
-6.769578933715820312e+00
-9.068813323974609375e+00
-4.336572170257568359e+00
9.969887733459472656e-01
-8.242686271667480469e+00
-1.880837529897689819e-01
5.154500901699066162e-02
7.853732109069824219e-01
-1.339692115783691406e+00
1.080010318756103516e+01
-1.743865013122558594e+01
7.581094741821289062e+00
-4.832359254360198975e-01
-9.392486572265625000e+00
9.491401672363281250e+00
1.203920459747314453e+01
-2.265752792358398438e+00
2.643513441085815430e+00
7.511675357818603516e+00
7.943412780761718750e+00
3.019556999206542969e+00
-4.561688899993896484e+00
8.541592597961425781e+00
-5.624937057495117188e+00
-6.727270603179931641e+00
1.243225955963134766e+01
-2.530204772949218750e+00
-2.052574306726455688e-01
-1.271711635589599609e+01
1.047404098510742188e+01
-1.867032051086425781e+00
2.655128717422485352e+00
-4.873795986175537109e+00
-1.349701166152954102e+00
5.225854396820068359e+00
-2.911454439163208008e+00
8.850309848785400391e-01
-7.228358387947082520e-01
6.887708663940429688e+00
-1.158896255493164062e+01
1.981932830810546875e+01
-4.048066735267639160e-01
-1.539588212966918945e+00
-3.540388107299804688e+00
6.136100292205810547e+00
1.843803524971008301e+00
-1.398475050926208496e+00
-7.809370994567871094e+00
4.537994384765625000e+00
5.479229986667633057e-02
-2.749598741531372070e+00
2.892121791839599609e+00
-5.735128402709960938e+00
6.434186935424804688e+00
4.316711902618408203e+00
-2.011573028564453125e+01
-1.803679585456848145e+00
-4.496316432952880859e+00
3.341973066329956055e+00
-2.296784162521362305e+00
5.729321017861366272e-02
-9.977826476097106934e-01
1.473425006866455078e+01
-1.824137926101684570e+00
5.742250919342041016e+00
1.177510142326354980e+00
-2.340225577354431152e-01
-2.767554044723510742e+00
-3.519227266311645508e+00
-4.726197242736816406e+00
6.187406539916992188e+00
-7.490243434906005859e+00
-8.240828514099121094e+00
7.298474788665771484e+00
-7.490375638008117676e-01
9.969114303588867188e+00
-8.098893165588378906e+00
-3.293869733810424805e+00
-5.935088992118835449e-01
-5.647630691528320312e+00
1.739419937133789062e+01
9.082692146301269531e+00
1.881069898605346680e+00
1.199835681915283203e+01
3.549381494522094727e+00
-4.548217773437500000e+00
-2.570263385772705078e+00
9.883296012878417969e+00
-1.280711841583251953e+01
3.527815103530883789e+00
-6.466081619262695312e+00
2.366686105728149414e+00
-1.215681910514831543e+00
-5.003659725189208984e+00
2.018536376953125000e+01
-3.873682320117950439e-01
6.508364677429199219e-01
2.054037570953369141e+00
-4.187996864318847656e+00
8.018613815307617188e+00
-7.307770252227783203e-01
-3.005581140518188477e+00
1.141469192504882812e+01
3.761062383651733398e+00
7.164083480834960938e+00
3.228420257568359375e+00
5.439702510833740234e+00
-5.661917209625244141e+00
-3.671576261520385742e+00
-3.821072578430175781e+00
-1.685793399810791016e+00
2.262853145599365234e+00
1.481074213981628418e+00
-3.006733894348144531e+00
8.822485923767089844e+00
-2.598715066909790039e+00
-1.505158233642578125e+01
1.185595226287841797e+01
-6.678997516632080078e+00
-1.501849365234375000e+01
3.740545272827148438e+00
3.913931369781494141e+00
7.195478677749633789e-01
-5.135260105133056641e+00
4.992819309234619141e+00
-3.637361764907836914e+00
-3.673583269119262695e-02
2.952130317687988281e+00
-1.309318900108337402e+00
9.379868395626544952e-03
-2.397598505020141602e+00
