9.699028730392456055e-01
9.298046231269836426e-01
9.687770009040832520e-01
9.654811024665832520e-01
9.889587163925170898e-01
9.384913444519042969e-01
9.613729715347290039e-01
1.007399916648864746e+00
1.036968231201171875e+00
1.012802720069885254e+00
9.715278744697570801e-01
9.927338361740112305e-01
9.668337106704711914e-01
9.841474890708923340e-01
1.031072258949279785e+00
9.512376189231872559e-01
9.713413715362548828e-01
9.972358942031860352e-01
9.883057475090026855e-01
9.140049219131469727e-01
9.544767141342163086e-01
9.614787697792053223e-01
1.025418639183044434e+00
1.065282464027404785e+00
9.601565003395080566e-01
1.017233133316040039e+00
9.784252047538757324e-01
9.815617799758911133e-01
9.007243514060974121e-01
9.567807316780090332e-01
9.557157158851623535e-01
1.025266885757446289e+00
1.096648812294006348e+00
9.630154967308044434e-01
1.062966346740722656e+00
9.681782126426696777e-01
9.872563481330871582e-01
9.806849360466003418e-01
1.000561356544494629e+00
9.864113330841064453e-01
1.028996109962463379e+00
1.015791416168212891e+00
9.473417401313781738e-01
9.420422315597534180e-01
9.902967214584350586e-01
1.027799248695373535e+00
9.987788796424865723e-01
9.748210906982421875e-01
9.749801158905029297e-01
9.839319586753845215e-01
9.273524284362792969e-01
9.983424544334411621e-01
1.004898905754089355e+00
1.011865258216857910e+00
1.109103322029113770e+00
1.005506634712219238e+00
1.042732119560241699e+00
9.714022874832153320e-01
1.089847326278686523e+00
1.090234398841857910e+00
9.966889023780822754e-01
1.031545042991638184e+00
9.446117877960205078e-01
9.712352752685546875e-01
1.047282457351684570e+00
9.491033554077148438e-01
9.930629134178161621e-01
9.378950595855712891e-01
9.942353367805480957e-01
9.791877865791320801e-01
1.154337167739868164e+00
1.003063797950744629e+00
9.696056246757507324e-01
1.103116035461425781e+00
1.052743434906005859e+00
1.024722933769226074e+00
9.806696772575378418e-01
9.665055871009826660e-01
1.083823919296264648e+00
9.973040223121643066e-01
9.644247293472290039e-01
9.737585783004760742e-01
9.652624130249023438e-01
9.641890525817871094e-01
9.940863251686096191e-01
9.919983744621276855e-01
9.792577028274536133e-01
1.004369497299194336e+00
9.457235336303710938e-01
1.070129990577697754e+00
9.692999124526977539e-01
1.016367316246032715e+00
1.025689601898193359e+00
1.048412322998046875e+00
1.029528975486755371e+00
9.578656554222106934e-01
9.914652109146118164e-01
9.958133697509765625e-01
9.923948645591735840e-01
1.013393282890319824e+00
9.787939190864562988e-01
9.812319874763488770e-01
1.036161541938781738e+00
9.619531035423278809e-01
9.943130016326904297e-01
9.781919717788696289e-01
1.000872611999511719e+00
9.710790514945983887e-01
9.568086862564086914e-01
9.434955120086669922e-01
9.880281090736389160e-01
1.003124833106994629e+00
9.427472352981567383e-01
9.935622215270996094e-01
1.012893557548522949e+00
9.717010259628295898e-01
1.036183476448059082e+00
1.007301092147827148e+00
1.034451723098754883e+00
9.315338730812072754e-01
9.651713371276855469e-01
1.038077354431152344e+00
9.832208156585693359e-01
1.091634631156921387e+00
1.045614123344421387e+00
1.060458421707153320e+00
9.709460735321044922e-01
1.123663544654846191e+00
