-6.084610223770141602e-01
3.181388378143310547e-01
1.750360429286956787e-01
2.096539139747619629e-01
-4.339254796504974365e-01
-5.624551177024841309e-01
2.906939089298248291e-01
-5.032424330711364746e-01
-2.324925214052200317e-01
-5.577430874109268188e-02
1.617160290479660034e-01
5.182206630706787109e-01
-1.747933179140090942e-01
4.809497669339179993e-02
-3.662490472197532654e-02
5.595118403434753418e-01
1.573717296123504639e-01
-4.132820367813110352e-01
-3.835491538047790527e-01
-8.539217710494995117e-01
3.690322488546371460e-02
-5.384998321533203125e-01
6.559456586837768555e-01
-6.383097767829895020e-01
-3.964925110340118408e-01
7.526259403675794601e-03
-3.531231284141540527e-01
1.305295806378126144e-02
5.293153524398803711e-01
1.785250753164291382e-01
-1.157128661870956421e-01
-2.209514379501342773e-01
8.955982327461242676e-02
1.311845183372497559e-01
4.386531412601470947e-01
-2.494691610336303711e-01
-3.292881548404693604e-01
-9.697886556386947632e-02
-2.557346522808074951e-01
-3.365584015846252441e-01
1.858104616403579712e-01
-1.178239732980728149e-01
-4.991984367370605469e-01
6.392859816551208496e-01
5.378301739692687988e-01
5.215933322906494141e-01
-1.387467980384826660e-01
1.243338510394096375e-01
-4.914608597755432129e-01
-3.469702303409576416e-01
-6.544913649559020996e-01
1.020467728376388550e-01
-5.166779160499572754e-01
-1.659501492977142334e-01
4.737278223037719727e-01
-8.672158420085906982e-02
-1.474121361970901489e-01
-2.002025693655014038e-01
-3.139619529247283936e-01
-8.486198633909225464e-02
3.277130126953125000e-01
-6.037407517433166504e-01
2.270202636718750000e-01
3.446621000766754150e-01
