8.798474445939064026e-03
-2.235834486782550812e-02
2.690040878951549530e-02
2.660886757075786591e-02
6.145934015512466431e-02
4.631062597036361694e-02
-2.420289441943168640e-03
5.385310202836990356e-02
1.479558795690536499e-01
9.743494540452957153e-02
5.279858782887458801e-02
1.123769432306289673e-01
5.306213349103927612e-02
-5.655454844236373901e-02
1.103183999657630920e-01
2.010661177337169647e-02
5.987202003598213196e-02
4.790743067860603333e-02
6.279861927032470703e-02
1.968503184616565704e-02
5.036167427897453308e-02
7.449319213628768921e-02
9.869921207427978516e-02
1.522861272096633911e-01
-1.661068759858608246e-02
1.141487210988998413e-01
4.137298464775085449e-02
1.227214559912681580e-01
1.797384396195411682e-02
1.187408901751041412e-02
1.825814135372638702e-02
1.442567557096481323e-01
7.745650410652160645e-02
4.903717711567878723e-02
1.733401566743850708e-01
8.415417373180389404e-02
6.122350692749023438e-02
4.159678146243095398e-02
3.775078430771827698e-02
1.324078887701034546e-01
1.018807217478752136e-01
9.529335051774978638e-02
3.810860961675643921e-02
-8.553774096071720123e-03
1.041203886270523071e-01
1.157171279191970825e-01
1.028331667184829712e-01
4.225512966513633728e-02
1.101050749421119690e-01
4.747612029314041138e-02
-2.216760441660881042e-02
6.328088697046041489e-03
1.154434457421302795e-01
1.374899893999099731e-01
1.113456264138221741e-01
8.170812577009201050e-02
9.325233101844787598e-02
6.225887686014175415e-02
1.038287431001663208e-01
1.514837592840194702e-01
1.601983010768890381e-01
8.867932111024856567e-02
2.776173129677772522e-02
2.323572896420955658e-02
1.365388184785842896e-01
-3.457449376583099365e-03
-5.448332801461219788e-02
-2.496264502406120300e-02
7.158234715461730957e-02
6.465777754783630371e-02
1.170309185981750488e-01
2.794013358652591705e-02
2.517998963594436646e-02
1.069172248244285583e-01
1.410269588232040405e-01
8.794347941875457764e-02
2.075641043484210968e-02
-6.036790553480386734e-03
1.351745277643203735e-01
5.335905775427818298e-02
4.772743210196495056e-02
5.002816766500473022e-02
-8.017328567802906036e-03
2.011306583881378174e-02
-5.064590834081172943e-03
3.877470269799232483e-02
2.169788256287574768e-02
1.233509834855794907e-02
4.476314410567283630e-03
1.217583417892456055e-01
1.621638983488082886e-02
3.606972843408584595e-02
1.187281459569931030e-01
6.829064339399337769e-02
5.541194230318069458e-02
3.299299255013465881e-02
-1.642871834337711334e-02
5.703605338931083679e-02
4.935251176357269287e-02
1.274325549602508545e-01
1.088616326451301575e-01
8.782118558883666992e-02
-7.812102884054183960e-02
4.275145009160041809e-02
-3.838610649108886719e-02
-1.467612292617559433e-02
5.833111703395843506e-02
1.052695792168378830e-03
1.253322232514619827e-03
7.692657411098480225e-02
6.523581594228744507e-02
4.985838755965232849e-02
2.288501523435115814e-02
5.916056409478187561e-02
1.243900209665298462e-01
9.301248192787170410e-02
5.990129336714744568e-02
6.002669781446456909e-02
7.237584143877029419e-02
3.934271633625030518e-02
2.312326058745384216e-02
9.824322164058685303e-02
9.264435619115829468e-02
1.779855340719223022e-01
1.357950419187545776e-01
9.463194757699966431e-02
7.444211514666676521e-04
1.017337888479232788e-01
