8.420165181159973145e-01
9.406905770301818848e-01
9.357337951660156250e-01
9.400250315666198730e-01
7.189123034477233887e-01
7.267756462097167969e-01
9.434107542037963867e-01
9.373302459716796875e-01
7.311812043190002441e-01
9.406236410140991211e-01
9.254432916641235352e-01
9.340407848358154297e-01
9.234182834625244141e-01
7.204472422599792480e-01
7.225848436355590820e-01
9.404554367065429688e-01
8.900551199913024902e-01
9.305217266082763672e-01
7.349559664726257324e-01
9.296951293945312500e-01
9.481840133666992188e-01
9.361070990562438965e-01
9.321723580360412598e-01
9.453938007354736328e-01
9.320799112319946289e-01
9.397915601730346680e-01
7.254631519317626953e-01
9.516760110855102539e-01
9.429243206977844238e-01
7.457396984100341797e-01
9.243178367614746094e-01
7.308449745178222656e-01
9.334437847137451172e-01
9.138463139533996582e-01
7.440051436424255371e-01
9.352905154228210449e-01
8.197293281555175781e-01
7.253634929656982422e-01
7.464380860328674316e-01
9.433983564376831055e-01
7.226940393447875977e-01
9.517466425895690918e-01
7.724559307098388672e-01
9.286181926727294922e-01
7.244345545768737793e-01
9.384257197380065918e-01
7.457119822502136230e-01
9.187202453613281250e-01
9.458647370338439941e-01
9.180343747138977051e-01
9.419049620628356934e-01
7.559625506401062012e-01
9.412251710891723633e-01
9.366462230682373047e-01
9.242582917213439941e-01
9.458578228950500488e-01
7.928596138954162598e-01
7.286821007728576660e-01
8.168532252311706543e-01
9.218636751174926758e-01
7.373467087745666504e-01
9.064557552337646484e-01
7.254064083099365234e-01
7.429150938987731934e-01
9.380127191543579102e-01
7.263389229774475098e-01
7.250947952270507812e-01
9.455545544624328613e-01
7.101774811744689941e-01
9.316343069076538086e-01
7.331803441047668457e-01
9.453446865081787109e-01
8.357207775115966797e-01
7.363529205322265625e-01
8.817091584205627441e-01
7.307031154632568359e-01
9.412985444068908691e-01
7.350645661354064941e-01
7.252563834190368652e-01
9.343182444572448730e-01
9.325977563858032227e-01
8.106989264488220215e-01
9.427790641784667969e-01
9.482041001319885254e-01
7.249425649642944336e-01
9.358130097389221191e-01
7.933819890022277832e-01
7.924488782882690430e-01
9.435889720916748047e-01
7.264912724494934082e-01
7.355124950408935547e-01
9.435863494873046875e-01
9.461777210235595703e-01
9.513370990753173828e-01
7.367240786552429199e-01
9.165158867835998535e-01
9.489751458168029785e-01
7.301331758499145508e-01
9.292072057723999023e-01
9.362514019012451172e-01
8.701171278953552246e-01
7.418149113655090332e-01
7.525361180305480957e-01
9.253693222999572754e-01
7.253788709640502930e-01
7.376813888549804688e-01
9.504801630973815918e-01
7.193024158477783203e-01
7.296028733253479004e-01
9.296789765357971191e-01
7.164668440818786621e-01
9.381075501441955566e-01
7.153198122978210449e-01
9.439758658409118652e-01
9.442270994186401367e-01
9.502242207527160645e-01
9.233692288398742676e-01
9.372021555900573730e-01
9.474887251853942871e-01
9.407389163970947266e-01
9.412202239036560059e-01
7.129058837890625000e-01
9.441893100738525391e-01
7.297753691673278809e-01
9.271714091300964355e-01
9.322447776794433594e-01
7.992496490478515625e-01
7.333789467811584473e-01
7.350627183914184570e-01
9.435113668441772461e-01
9.355604648590087891e-01
7.106021046638488770e-01
7.204334735870361328e-01
7.344204187393188477e-01
8.955143690109252930e-01
7.338841557502746582e-01
7.346434593200683594e-01
9.369330406188964844e-01
9.184187054634094238e-01
7.707455158233642578e-01
9.245550036430358887e-01
9.337300062179565430e-01
7.261735200881958008e-01
7.477162480354309082e-01
9.524258971214294434e-01
9.465044140815734863e-01
7.368896603584289551e-01
7.503668069839477539e-01
9.418029785156250000e-01
7.559392452239990234e-01
9.417726993560791016e-01
7.068297266960144043e-01
9.540961384773254395e-01
9.495769739151000977e-01
9.335625767707824707e-01
9.485297799110412598e-01
9.366481304168701172e-01
9.392886161804199219e-01
9.011594057083129883e-01
9.403792619705200195e-01
9.081941246986389160e-01
9.457455277442932129e-01
7.111834883689880371e-01
9.304210543632507324e-01
7.434282302856445312e-01
9.400259256362915039e-01
7.988582849502563477e-01
9.294173717498779297e-01
9.510518312454223633e-01
9.207506179809570312e-01
9.305471181869506836e-01
7.792766690254211426e-01
9.502305388450622559e-01
9.208713173866271973e-01
9.339478611946105957e-01
9.277487993240356445e-01
9.260405302047729492e-01
9.331707358360290527e-01
9.361762404441833496e-01
9.279651641845703125e-01
9.407966732978820801e-01
7.121919393539428711e-01
7.256208658218383789e-01
9.421848654747009277e-01
9.451122283935546875e-01
7.403991222381591797e-01
7.196133732795715332e-01
7.044701576232910156e-01
9.314766526222229004e-01
7.149752974510192871e-01
9.234860539436340332e-01
7.378627061843872070e-01
9.348936080932617188e-01
9.395263791084289551e-01
9.317413568496704102e-01
7.420918941497802734e-01
7.481661438941955566e-01
9.345775246620178223e-01
9.353447556495666504e-01
9.399617910385131836e-01
9.452621936798095703e-01
9.348459839820861816e-01
9.391020536422729492e-01
9.303102493286132812e-01
9.390075206756591797e-01
9.610353708267211914e-01
7.276800870895385742e-01
9.491403698921203613e-01
9.397177100181579590e-01
7.419202327728271484e-01
9.328447580337524414e-01
9.519371390342712402e-01
7.859294414520263672e-01
9.522634744644165039e-01
9.360688924789428711e-01
9.435771703720092773e-01
8.957479596138000488e-01
9.356121420860290527e-01
8.251742124557495117e-01
7.795689105987548828e-01
9.491675496101379395e-01
9.305855631828308105e-01
9.330002069473266602e-01
9.414016604423522949e-01
7.476767897605895996e-01
9.292352199554443359e-01
7.375921607017517090e-01
7.220764756202697754e-01
9.341076016426086426e-01
7.016491293907165527e-01
9.195802211761474609e-01
7.589087486267089844e-01
9.531952738761901855e-01
7.209069132804870605e-01
9.532347917556762695e-01
7.308415174484252930e-01
8.034775853157043457e-01
9.464618563652038574e-01
9.298614263534545898e-01
9.350841045379638672e-01
9.275273680686950684e-01
9.376584291458129883e-01
7.484990358352661133e-01
9.394313097000122070e-01
9.270833730697631836e-01
9.393615126609802246e-01
9.390496015548706055e-01
7.514729499816894531e-01
7.312507629394531250e-01
7.094264030456542969e-01
9.391183853149414062e-01
7.360587716102600098e-01
9.459653496742248535e-01
9.322790503501892090e-01
8.880860805511474609e-01
9.175004363059997559e-01
