2.682065665721893311e-01
4.942321479320526123e-01
4.076040685176849365e-01
6.038635373115539551e-01
2.026667594909667969e-01
3.176069259643554688e-01
3.431775867938995361e-01
2.319234609603881836e-01
2.224929183721542358e-01
3.669763207435607910e-01
2.472788542509078979e-01
3.492946326732635498e-01
3.532989025115966797e-01
2.716281116008758545e-01
5.493230223655700684e-01
3.402711749076843262e-01
1.600867956876754761e-01
3.732709884643554688e-01
3.336258828639984131e-01
2.633315622806549072e-01
3.851354420185089111e-01
2.875716388225555420e-01
2.568191587924957275e-01
3.039499819278717041e-01
2.434156239032745361e-01
3.768637180328369141e-01
5.671770572662353516e-01
3.973264992237091064e-01
1.843420863151550293e-01
3.103502094745635986e-01
2.198067605495452881e-01
3.041033446788787842e-01
4.160580039024353027e-01
2.218981236219406128e-01
2.466620653867721558e-01
2.108801305294036865e-01
2.850396633148193359e-01
3.829836845397949219e-01
2.074344903230667114e-01
2.444597035646438599e-01
4.488078653812408447e-01
2.560711801052093506e-01
2.059042751789093018e-01
3.257863223552703857e-01
3.149127364158630371e-01
2.429825663566589355e-01
2.559601068496704102e-01
3.389611542224884033e-01
3.210645616054534912e-01
3.098431229591369629e-01
4.367098212242126465e-01
2.404625862836837769e-01
4.289017319679260254e-01
2.308089137077331543e-01
3.697711527347564697e-01
3.967554271221160889e-01
4.063835442066192627e-01
5.118749737739562988e-01
2.808515131473541260e-01
2.628247737884521484e-01
2.882284224033355713e-01
3.395259082317352295e-01
2.478952109813690186e-01
3.630156815052032471e-01
2.674728929996490479e-01
4.812524318695068359e-01
3.452560901641845703e-01
3.624888956546783447e-01
3.906623125076293945e-01
2.622935473918914795e-01
3.357580006122589111e-01
3.895953297615051270e-01
3.048327565193176270e-01
3.756140768527984619e-01
2.420336604118347168e-01
3.842444419860839844e-01
2.641267478466033936e-01
3.879880011081695557e-01
1.495599299669265747e-01
6.270523667335510254e-01
2.797040939331054688e-01
2.451097518205642700e-01
3.309586346149444580e-01
1.323674470186233521e-01
2.603329718112945557e-01
2.626861035823822021e-01
1.770102232694625854e-01
3.461779356002807617e-01
5.452981591224670410e-01
3.442973196506500244e-01
4.598440825939178467e-01
2.735146284103393555e-01
2.690783143043518066e-01
3.224716484546661377e-01
3.291970789432525635e-01
5.262242555618286133e-01
2.279126495122909546e-01
4.353632628917694092e-01
6.143686175346374512e-01
3.307727277278900146e-01
4.007827937602996826e-01
2.684932053089141846e-01
2.474753856658935547e-01
3.072192966938018799e-01
5.120803713798522949e-01
1.427626013755798340e-01
4.152485430240631104e-01
5.322255492210388184e-01
3.142476379871368408e-01
3.183553814888000488e-01
3.877022862434387207e-01
5.508348941802978516e-01
3.262496590614318848e-01
2.070905566215515137e-01
4.093430936336517334e-01
2.337757200002670288e-01
2.760091722011566162e-01
2.295741736888885498e-01
3.628604710102081299e-01
4.322087168693542480e-01
2.288890033960342407e-01
2.823669612407684326e-01
6.815670728683471680e-01
1.781627535820007324e-01
3.634389340877532959e-01
2.103994786739349365e-01
4.199033081531524658e-01
1.649258136749267578e-01
