9.753354191780090332e-01
9.950823783874511719e-01
9.894057512283325195e-01
9.914405345916748047e-01
1.002081871032714844e+00
9.976711869239807129e-01
1.020625233650207520e+00
1.017381191253662109e+00
9.820681214332580566e-01
9.896211028099060059e-01
1.005626916885375977e+00
1.015798211097717285e+00
1.004505634307861328e+00
1.006272554397583008e+00
9.756244421005249023e-01
9.801049828529357910e-01
1.025555968284606934e+00
1.000348567962646484e+00
9.759019613265991211e-01
9.774020910263061523e-01
1.040283679962158203e+00
1.016318082809448242e+00
9.704673290252685547e-01
1.007634520530700684e+00
9.795479178428649902e-01
9.734405875205993652e-01
1.003215670585632324e+00
9.962065815925598145e-01
9.876567125320434570e-01
1.028471708297729492e+00
9.882690310478210449e-01
1.018678069114685059e+00
1.000661015510559082e+00
1.013928174972534180e+00
1.001460194587707520e+00
1.010282993316650391e+00
9.956586956977844238e-01
1.034474968910217285e+00
9.856256246566772461e-01
9.876220822334289551e-01
1.013082385063171387e+00
9.966966509819030762e-01
9.854270219802856445e-01
9.998099803924560547e-01
9.989727139472961426e-01
1.046481966972351074e+00
9.874432086944580078e-01
1.005773186683654785e+00
1.003297805786132812e+00
1.000568628311157227e+00
9.862856268882751465e-01
9.757087230682373047e-01
1.035515546798706055e+00
1.006064414978027344e+00
1.010757207870483398e+00
9.839175939559936523e-01
9.988726973533630371e-01
9.986972212791442871e-01
1.011933088302612305e+00
1.015122175216674805e+00
9.959744215011596680e-01
1.021392107009887695e+00
9.851585030555725098e-01
9.795947074890136719e-01
9.909798502922058105e-01
9.855136275291442871e-01
1.003390669822692871e+00
1.023336648941040039e+00
9.832780361175537109e-01
9.879233837127685547e-01
1.035247683525085449e+00
9.910688996315002441e-01
9.849166274070739746e-01
1.092278599739074707e+00
9.975366592407226562e-01
9.956018328666687012e-01
9.964425563812255859e-01
9.937295317649841309e-01
9.979510307312011719e-01
9.914241433143615723e-01
1.009782910346984863e+00
9.537155628204345703e-01
1.019702553749084473e+00
1.007837891578674316e+00
9.817675352096557617e-01
9.881449937820434570e-01
1.002004623413085938e+00
1.030062675476074219e+00
9.940549731254577637e-01
9.881219863891601562e-01
1.003158807754516602e+00
1.025588274002075195e+00
9.896310567855834961e-01
1.006973385810852051e+00
9.991163015365600586e-01
9.951073527336120605e-01
1.000831961631774902e+00
1.013241648674011230e+00
1.001725435256958008e+00
9.764137268066406250e-01
1.013898372650146484e+00
9.852062463760375977e-01
1.023622989654541016e+00
9.783681035041809082e-01
1.006518840789794922e+00
9.855151176452636719e-01
1.015036940574645996e+00
9.809493422508239746e-01
1.017909049987792969e+00
9.886246323585510254e-01
9.740021228790283203e-01
9.815735220909118652e-01
1.021071076393127441e+00
9.928659796714782715e-01
1.009983301162719727e+00
9.977304935455322266e-01
9.875546097755432129e-01
9.946283698081970215e-01
9.980245828628540039e-01
1.001545786857604980e+00
9.875069260597229004e-01
1.000295639038085938e+00
1.007582187652587891e+00
1.002431154251098633e+00
1.015038251876831055e+00
1.003986716270446777e+00
9.920214414596557617e-01
9.853659868240356445e-01
1.013022661209106445e+00
1.004853010177612305e+00
9.819422364234924316e-01
1.016965627670288086e+00
1.006002664566040039e+00
9.855282902717590332e-01
1.026521205902099609e+00
1.005186080932617188e+00
9.885241985321044922e-01
9.922767877578735352e-01
1.002132534980773926e+00
1.044637203216552734e+00
9.852892160415649414e-01
9.754284024238586426e-01
9.967432618141174316e-01
9.964192509651184082e-01
1.018939852714538574e+00
9.854199886322021484e-01
9.735353589057922363e-01
9.715363979339599609e-01
1.007686853408813477e+00
9.811060428619384766e-01
9.951391220092773438e-01
9.759521484375000000e-01
1.001783013343811035e+00
9.977618455886840820e-01
9.904284477233886719e-01
9.669831395149230957e-01
1.006153106689453125e+00
9.965572953224182129e-01
9.720597863197326660e-01
9.841627478599548340e-01
9.893571734428405762e-01
9.906555414199829102e-01
1.014066576957702637e+00
1.065770626068115234e+00
9.919436573982238770e-01
1.005884528160095215e+00
9.688812494277954102e-01
9.984207153320312500e-01
9.796460270881652832e-01
9.812709093093872070e-01
9.695436358451843262e-01
1.016249895095825195e+00
9.964292645454406738e-01
9.805638194084167480e-01
1.002575874328613281e+00
1.014189243316650391e+00
1.005683779716491699e+00
1.007765173912048340e+00
1.022317528724670410e+00
9.937986135482788086e-01
9.995469450950622559e-01
1.013989686965942383e+00
1.014909863471984863e+00
1.003263592720031738e+00
9.823207855224609375e-01
1.004193782806396484e+00
9.893115162849426270e-01
1.000208258628845215e+00
1.030285477638244629e+00
1.003574132919311523e+00
9.913312196731567383e-01
1.031341314315795898e+00
9.828535914421081543e-01
9.896488785743713379e-01
1.006160855293273926e+00
9.913219809532165527e-01
9.971051812171936035e-01
9.744206666946411133e-01
9.940904378890991211e-01
1.007964968681335449e+00
9.922350049018859863e-01
9.985092282295227051e-01
1.009799480438232422e+00
1.000867605209350586e+00
9.951564073562622070e-01
9.747206568717956543e-01
9.901190996170043945e-01
9.839729666709899902e-01
9.723558425903320312e-01
9.931125640869140625e-01
1.003387570381164551e+00
9.907886981964111328e-01
1.075902223587036133e+00
9.960291981697082520e-01
9.972081184387207031e-01
9.953529238700866699e-01
1.000586390495300293e+00
9.591373205184936523e-01
9.990735650062561035e-01
9.741669297218322754e-01
1.021039724349975586e+00
1.000383377075195312e+00
9.823109507560729980e-01
9.884491562843322754e-01
9.931617975234985352e-01
1.028081893920898438e+00
9.949983954429626465e-01
1.009126901626586914e+00
1.009539604187011719e+00
9.943624734878540039e-01
1.020708799362182617e+00
1.001239180564880371e+00
1.038291335105895996e+00
9.894870519638061523e-01
9.909530878067016602e-01
9.908713102340698242e-01
1.026118755340576172e+00
9.986253976821899414e-01
1.002898693084716797e+00
9.904991388320922852e-01
1.032146811485290527e+00
9.856929779052734375e-01
1.006976604461669922e+00
9.843053221702575684e-01
1.021320700645446777e+00
1.000726103782653809e+00
9.954220056533813477e-01
9.926381707191467285e-01
1.000843882560729980e+00
1.011425614356994629e+00
1.006958842277526855e+00
1.007394194602966309e+00
1.026502847671508789e+00
9.886546730995178223e-01
9.815030694007873535e-01
1.008092284202575684e+00
1.011701822280883789e+00
1.037196874618530273e+00
1.023327708244323730e+00
1.010746359825134277e+00
9.837241768836975098e-01
1.008378386497497559e+00
1.012277364730834961e+00
1.007596850395202637e+00
9.916469454765319824e-01
1.027201294898986816e+00
1.007066965103149414e+00
9.908299446105957031e-01
9.869378209114074707e-01
9.957000017166137695e-01
9.765177965164184570e-01
9.996917247772216797e-01
9.855715036392211914e-01
1.008001208305358887e+00
1.010325670242309570e+00
9.744415879249572754e-01
9.753215312957763672e-01
1.021730661392211914e+00
9.902831912040710449e-01
1.023642420768737793e+00
1.023759126663208008e+00
9.824908375740051270e-01
9.916976690292358398e-01
9.990514516830444336e-01
1.000512123107910156e+00
1.018112659454345703e+00
9.879684448242187500e-01
1.022156357765197754e+00
9.986892938613891602e-01
1.003006935119628906e+00
9.804745912551879883e-01
1.009838223457336426e+00
9.807249307632446289e-01
1.006636857986450195e+00
9.708272218704223633e-01
9.898924827575683594e-01
9.808454513549804688e-01
1.029647588729858398e+00
9.977191686630249023e-01
1.007469177246093750e+00
1.012196898460388184e+00
9.814651012420654297e-01
9.986620545387268066e-01
9.868143796920776367e-01
1.000755310058593750e+00
1.001232028007507324e+00
1.011165022850036621e+00
9.914754629135131836e-01
1.023455142974853516e+00
1.000095367431640625e+00
9.854943156242370605e-01
1.012311697006225586e+00
1.000555038452148438e+00
9.966427683830261230e-01
1.008807897567749023e+00
1.000972867012023926e+00
1.001076340675354004e+00
9.988927841186523438e-01
9.935147762298583984e-01
9.652061462402343750e-01
1.011547803878784180e+00
9.930154085159301758e-01
9.922709465026855469e-01
9.973095655441284180e-01
1.009081244468688965e+00
1.020792961120605469e+00
9.774861335754394531e-01
1.061672925949096680e+00
9.958400726318359375e-01
9.944689273834228516e-01
1.001218438148498535e+00
9.954026937484741211e-01
9.909455776214599609e-01
9.929736256599426270e-01
9.953293204307556152e-01
9.860547184944152832e-01
9.982324242591857910e-01
9.806770682334899902e-01
9.812930822372436523e-01
9.938302636146545410e-01
9.760264158248901367e-01
9.845290780067443848e-01
1.024002075195312500e+00
1.007859945297241211e+00
1.029878735542297363e+00
9.979847669601440430e-01
9.940994977951049805e-01
9.965893626213073730e-01
9.754135012626647949e-01
9.975623488426208496e-01
1.048473000526428223e+00
9.800695776939392090e-01
9.989759325981140137e-01
1.001182794570922852e+00
9.994603991508483887e-01
9.811264276504516602e-01
1.010289311408996582e+00
1.005373835563659668e+00
9.936935901641845703e-01
9.847388863563537598e-01
9.790211915969848633e-01
9.875964522361755371e-01
1.091884493827819824e+00
1.019544601440429688e+00
9.755921959877014160e-01
1.012241363525390625e+00
9.676967859268188477e-01
1.006941437721252441e+00
1.002910256385803223e+00
9.841611981391906738e-01
1.007393836975097656e+00
1.004031062126159668e+00
9.850267171859741211e-01
9.821571707725524902e-01
1.034391403198242188e+00
9.945219159126281738e-01
1.009636998176574707e+00
9.999796748161315918e-01
1.001212000846862793e+00
1.019339203834533691e+00
9.868075251579284668e-01
1.017429709434509277e+00
9.883232116699218750e-01
1.033097386360168457e+00
9.841491580009460449e-01
1.007235646247863770e+00
9.927283525466918945e-01
9.983210563659667969e-01
1.014098763465881348e+00
9.831992387771606445e-01
1.000743508338928223e+00
1.002603888511657715e+00
1.007087588310241699e+00
9.860863685607910156e-01
9.967037439346313477e-01
1.002592206001281738e+00
1.008460998535156250e+00
9.885036349296569824e-01
9.788624048233032227e-01
1.005045175552368164e+00
9.980720877647399902e-01
1.001104831695556641e+00
1.017445445060729980e+00
1.009527802467346191e+00
1.020850181579589844e+00
1.019010663032531738e+00
1.006156563758850098e+00
1.002919197082519531e+00
9.785698056221008301e-01
9.922464489936828613e-01
9.876850843429565430e-01
9.941251277923583984e-01
9.860396981239318848e-01
1.003975749015808105e+00
9.967875480651855469e-01
9.658754467964172363e-01
1.002323389053344727e+00
1.000950813293457031e+00
9.854807257652282715e-01
9.771090745925903320e-01
1.025970220565795898e+00
9.870035648345947266e-01
1.026901960372924805e+00
9.917758107185363770e-01
9.906654953956604004e-01
1.002957463264465332e+00
1.010177016258239746e+00
1.009619832038879395e+00
9.978615045547485352e-01
1.006114721298217773e+00
9.900528192520141602e-01
9.850978255271911621e-01
9.932273030281066895e-01
9.951364398002624512e-01
1.002979040145874023e+00
9.763273000717163086e-01
9.876921176910400391e-01
9.954544901847839355e-01
9.905419945716857910e-01
9.764976501464843750e-01
9.822091460227966309e-01
9.570761919021606445e-01
9.950830936431884766e-01
9.874696731567382812e-01
9.788137674331665039e-01
9.853214025497436523e-01
9.789398908615112305e-01
9.930942654609680176e-01
1.018019914627075195e+00
1.036332011222839355e+00
1.041101813316345215e+00
1.000430941581726074e+00
9.852982163429260254e-01
1.003450989723205566e+00
9.926871061325073242e-01
1.013947486877441406e+00
9.981985688209533691e-01
9.817121028900146484e-01
1.023239850997924805e+00
1.008647680282592773e+00
9.841435551643371582e-01
9.911461472511291504e-01
9.970597624778747559e-01
9.785581827163696289e-01
1.006172895431518555e+00
1.006484389305114746e+00
1.005606174468994141e+00
1.025668978691101074e+00
9.961028099060058594e-01
1.001726627349853516e+00
9.912726283073425293e-01
9.844228625297546387e-01
9.938076138496398926e-01
9.960665702819824219e-01
1.068432688713073730e+00
1.021675586700439453e+00
9.918575882911682129e-01
1.012158632278442383e+00
9.916738867759704590e-01
9.915413856506347656e-01
9.758796691894531250e-01
1.023370504379272461e+00
9.925574660301208496e-01
9.755144715309143066e-01
9.965996742248535156e-01
9.900556206703186035e-01
9.878745675086975098e-01
9.920752048492431641e-01
1.052952647209167480e+00
9.822714328765869141e-01
9.963842630386352539e-01
9.911494851112365723e-01
9.973481297492980957e-01
9.924801588058471680e-01
1.081188559532165527e+00
9.847655892372131348e-01
1.099234938621520996e+00
9.824733734130859375e-01
9.780158400535583496e-01
9.899325966835021973e-01
9.675988554954528809e-01
9.825249314308166504e-01
1.007204174995422363e+00
1.001368284225463867e+00
9.976109266281127930e-01
1.001191258430480957e+00
1.000108361244201660e+00
9.904198646545410156e-01
1.002369284629821777e+00
9.966608881950378418e-01
1.026041626930236816e+00
1.012432456016540527e+00
1.002063512802124023e+00
9.948424100875854492e-01
1.013733744621276855e+00
9.960213899612426758e-01
1.010572075843811035e+00
9.841707348823547363e-01
9.877716302871704102e-01
9.754006266593933105e-01
9.966194629669189453e-01
9.956660866737365723e-01
1.066258788108825684e+00
9.817158579826354980e-01
9.958567619323730469e-01
9.984202384948730469e-01
9.913541078567504883e-01
9.936823248863220215e-01
1.010665178298950195e+00
9.839162230491638184e-01
9.958655238151550293e-01
1.018308639526367188e+00
9.942357540130615234e-01
9.908504486083984375e-01
9.719138741493225098e-01
1.002479672431945801e+00
9.739283323287963867e-01
1.002385616302490234e+00
1.022309541702270508e+00
9.769425988197326660e-01
1.006966471672058105e+00
1.035558104515075684e+00
9.823200106620788574e-01
1.006485342979431152e+00
9.877237081527709961e-01
9.993234276771545410e-01
9.985663890838623047e-01
9.923096895217895508e-01
1.005205035209655762e+00
1.033131480216979980e+00
9.834747314453125000e-01
1.000145554542541504e+00
9.794939160346984863e-01
9.882375597953796387e-01
1.001630902290344238e+00
9.998373389244079590e-01
1.032800316810607910e+00
9.930555820465087891e-01
1.001688480377197266e+00
9.918937087059020996e-01
1.010397791862487793e+00
9.936348199844360352e-01
9.997594952583312988e-01
1.010649442672729492e+00
9.894815683364868164e-01
1.006026268005371094e+00
1.000703334808349609e+00
9.928233027458190918e-01
9.878643751144409180e-01
1.000956535339355469e+00
1.053867459297180176e+00
9.946279525756835938e-01
1.013721704483032227e+00
9.896628260612487793e-01
1.009661793708801270e+00
9.705882668495178223e-01
9.935341477394104004e-01
9.773015975952148438e-01
9.882370233535766602e-01
1.048281908035278320e+00
9.754920601844787598e-01
9.951494336128234863e-01
9.843001961708068848e-01
9.722347855567932129e-01
9.854035973548889160e-01
1.009806275367736816e+00
1.012022018432617188e+00
9.955067038536071777e-01
9.862987995147705078e-01
9.874998927116394043e-01
1.006558656692504883e+00
9.799154996871948242e-01
1.008362531661987305e+00
1.003936648368835449e+00
9.911407828330993652e-01
1.014539837837219238e+00
9.813771247863769531e-01
9.909351468086242676e-01
1.016392469406127930e+00
1.017202496528625488e+00
9.853701591491699219e-01
1.006320357322692871e+00
9.689729809761047363e-01
9.839649200439453125e-01
1.013422727584838867e+00
9.876468181610107422e-01
1.019601106643676758e+00
9.857752323150634766e-01
1.005315303802490234e+00
9.816153645515441895e-01
1.002104043960571289e+00
1.000450015068054199e+00
9.806566238403320312e-01
1.008376121520996094e+00
9.992830157279968262e-01
9.935235977172851562e-01
1.000184893608093262e+00
1.057344555854797363e+00
9.609280824661254883e-01
1.014573574066162109e+00
9.481809139251708984e-01
9.963461756706237793e-01
1.002894997596740723e+00
9.958730340003967285e-01
9.817690253257751465e-01
9.913370609283447266e-01
9.809588193893432617e-01
9.964239001274108887e-01
9.930028319358825684e-01
1.008955001831054688e+00
9.876313209533691406e-01
1.003534078598022461e+00
1.011491298675537109e+00
9.725027084350585938e-01
1.084745049476623535e+00
9.877005815505981445e-01
9.860340356826782227e-01
1.009086608886718750e+00
9.982207417488098145e-01
1.086179494857788086e+00
1.047458291053771973e+00
9.953651428222656250e-01
9.794011712074279785e-01
9.985410571098327637e-01
9.964029788970947266e-01
9.902747869491577148e-01
9.835363626480102539e-01
1.003203868865966797e+00
1.002104043960571289e+00
1.005480289459228516e+00
9.971004128456115723e-01
9.878705739974975586e-01
1.000888466835021973e+00
9.766528606414794922e-01
1.020136952400207520e+00
1.041565179824829102e+00
1.005207896232604980e+00
9.940181374549865723e-01
1.004731774330139160e+00
9.873763322830200195e-01
9.949887990951538086e-01
1.011711716651916504e+00
1.005301594734191895e+00
9.798818826675415039e-01
1.008584260940551758e+00
1.031538367271423340e+00
1.014353036880493164e+00
9.993084073066711426e-01
9.816994667053222656e-01
1.006990075111389160e+00
9.905738234519958496e-01
9.866685867309570312e-01
1.003480911254882812e+00
1.002548217773437500e+00
9.844030141830444336e-01
9.721259474754333496e-01
1.015543937683105469e+00
9.700952172279357910e-01
9.960865378379821777e-01
9.813557267189025879e-01
9.884880185127258301e-01
9.994427561759948730e-01
1.032805323600769043e+00
1.016294360160827637e+00
1.003332495689392090e+00
1.008038401603698730e+00
1.043540716171264648e+00
9.981582760810852051e-01
1.030886769294738770e+00
9.934232234954833984e-01
9.941004514694213867e-01
1.005191445350646973e+00
9.855694770812988281e-01
1.023582935333251953e+00
1.007023096084594727e+00
1.007139205932617188e+00
1.040333151817321777e+00
9.818226695060729980e-01
9.971379041671752930e-01
9.499879479408264160e-01
1.010166525840759277e+00
9.804186820983886719e-01
1.013203620910644531e+00
9.794303774833679199e-01
9.655599594116210938e-01
9.984826445579528809e-01
9.939193725585937500e-01
9.845012426376342773e-01
1.013790726661682129e+00
1.016636848449707031e+00
9.733591675758361816e-01
9.923223853111267090e-01
1.021363019943237305e+00
9.990473389625549316e-01
1.011705756187438965e+00
9.780884981155395508e-01
1.018156528472900391e+00
1.003367900848388672e+00
9.844241738319396973e-01
9.914313554763793945e-01
1.022022843360900879e+00
1.034785628318786621e+00
9.915663599967956543e-01
9.991380572319030762e-01
1.029420375823974609e+00
9.970639944076538086e-01
9.798834919929504395e-01
9.973111152648925781e-01
1.001199841499328613e+00
1.012696266174316406e+00
9.999386668205261230e-01
9.735818505287170410e-01
9.899439215660095215e-01
9.969657659530639648e-01
9.936383962631225586e-01
9.878941178321838379e-01
9.753397703170776367e-01
9.870087504386901855e-01
1.000017046928405762e+00
9.906595349311828613e-01
9.977821707725524902e-01
1.018966197967529297e+00
1.003184795379638672e+00
9.989396333694458008e-01
1.020482301712036133e+00
9.910570383071899414e-01
9.783360362052917480e-01
1.048147916793823242e+00
1.021763205528259277e+00
1.007369399070739746e+00
9.935167431831359863e-01
1.015767931938171387e+00
1.007448315620422363e+00
1.007430076599121094e+00
9.954341053962707520e-01
1.009078264236450195e+00
9.966588616371154785e-01
1.005661010742187500e+00
1.026266574859619141e+00
9.905808568000793457e-01
9.892854690551757812e-01
1.002705097198486328e+00
9.755401611328125000e-01
9.978508353233337402e-01
1.019607901573181152e+00
9.903614521026611328e-01
1.023652553558349609e+00
9.856368899345397949e-01
9.925872683525085449e-01
9.972193241119384766e-01
1.014591097831726074e+00
9.955758452415466309e-01
1.010814070701599121e+00
9.913877248764038086e-01
1.010337471961975098e+00
1.006969451904296875e+00
9.758608937263488770e-01
1.048125505447387695e+00
1.012714982032775879e+00
9.720033407211303711e-01
1.019751429557800293e+00
1.018753528594970703e+00
1.031030535697937012e+00
9.814134836196899414e-01
1.003496289253234863e+00
1.039256811141967773e+00
9.780547022819519043e-01
9.931950569152832031e-01
9.931185245513916016e-01
1.020100474357604980e+00
9.875442981719970703e-01
9.965707659721374512e-01
1.000542759895324707e+00
9.994626045227050781e-01
1.003157496452331543e+00
9.805685877799987793e-01
9.997560977935791016e-01
9.915069341659545898e-01
9.881705641746520996e-01
1.021434664726257324e+00
9.946600794792175293e-01
9.796428680419921875e-01
1.050045728683471680e+00
9.745637774467468262e-01
1.020572304725646973e+00
1.003022432327270508e+00
9.656764268875122070e-01
9.869490265846252441e-01
1.012267351150512695e+00
1.013543844223022461e+00
9.811918139457702637e-01
1.009850859642028809e+00
9.837459921836853027e-01
9.841300249099731445e-01
1.002295732498168945e+00
9.947477579116821289e-01
1.043314576148986816e+00
9.928080439567565918e-01
9.812271595001220703e-01
9.910859465599060059e-01
9.904493093490600586e-01
1.001226544380187988e+00
1.004181742668151855e+00
9.858270287513732910e-01
1.029450178146362305e+00
1.004991650581359863e+00
9.919500350952148438e-01
9.911597967147827148e-01
9.998490214347839355e-01
1.000818610191345215e+00
9.900797605514526367e-01
1.001878380775451660e+00
9.878218173980712891e-01
9.844968914985656738e-01
1.008519411087036133e+00
9.750912785530090332e-01
1.000032782554626465e+00
9.951210021972656250e-01
9.920827746391296387e-01
9.771218299865722656e-01
1.071550369262695312e+00
1.009365081787109375e+00
9.944120645523071289e-01
1.006379246711730957e+00
1.012949705123901367e+00
9.865517616271972656e-01
9.927005767822265625e-01
1.021576881408691406e+00
1.004510045051574707e+00
9.956098198890686035e-01
9.929437637329101562e-01
1.035228848457336426e+00
9.814972281455993652e-01
9.864194393157958984e-01
1.025777101516723633e+00
9.890896081924438477e-01
1.020174860954284668e+00
9.922311305999755859e-01
1.019232153892517090e+00
9.723759889602661133e-01
9.943300485610961914e-01
9.736691117286682129e-01
9.938794374465942383e-01
9.924193024635314941e-01
9.913451671600341797e-01
1.013459682464599609e+00
9.828598499298095703e-01
9.844912886619567871e-01
1.008794188499450684e+00
9.869889616966247559e-01
1.003363013267517090e+00
1.013927698135375977e+00
9.915947914123535156e-01
9.984403252601623535e-01
9.844125509262084961e-01
9.913780093193054199e-01
1.033986330032348633e+00
9.962716102600097656e-01
9.923566579818725586e-01
9.974538683891296387e-01
9.955140352249145508e-01
9.831868410110473633e-01
1.023519754409790039e+00
1.027913331985473633e+00
9.986166954040527344e-01
1.006828546524047852e+00
1.013213753700256348e+00
1.002089262008666992e+00
1.025202393531799316e+00
1.007943391799926758e+00
1.007139563560485840e+00
9.981921315193176270e-01
9.989491105079650879e-01
1.015247941017150879e+00
1.079526424407958984e+00
9.995165467262268066e-01
9.960172176361083984e-01
1.009246706962585449e+00
1.002964377403259277e+00
1.005948781967163086e+00
1.000435829162597656e+00
9.988679885864257812e-01
9.974572658538818359e-01
1.002372741699218750e+00
1.005684375762939453e+00
9.780554175376892090e-01
9.698514342308044434e-01
9.858456254005432129e-01
9.799169301986694336e-01
9.739965200424194336e-01
1.002220869064331055e+00
9.957963824272155762e-01
9.967924356460571289e-01
9.896509647369384766e-01
9.648986458778381348e-01
1.027566313743591309e+00
9.917384982109069824e-01
9.875066876411437988e-01
9.863916039466857910e-01
1.005408167839050293e+00
9.950045347213745117e-01
1.080478191375732422e+00
9.954191446304321289e-01
1.008468151092529297e+00
9.769434332847595215e-01
1.013170480728149414e+00
9.991616606712341309e-01
9.992027282714843750e-01
1.036038994789123535e+00
9.857956767082214355e-01
1.006571054458618164e+00
1.022503376007080078e+00
9.730453491210937500e-01
1.014331698417663574e+00
9.915466904640197754e-01
9.982484579086303711e-01
9.989187717437744141e-01
9.808210730552673340e-01
1.000212192535400391e+00
1.016524910926818848e+00
9.944000244140625000e-01
1.115875244140625000e+00
1.005068302154541016e+00
1.011006116867065430e+00
9.910451769828796387e-01
1.019580960273742676e+00
9.825431108474731445e-01
9.938750863075256348e-01
9.817330837249755859e-01
9.984304308891296387e-01
9.836009144783020020e-01
9.925560355186462402e-01
1.001976490020751953e+00
9.891679286956787109e-01
9.983773231506347656e-01
1.005620002746582031e+00
1.001034617424011230e+00
1.001093626022338867e+00
9.843987822532653809e-01
1.014048814773559570e+00
9.978545308113098145e-01
9.910290837287902832e-01
1.001335740089416504e+00
9.994060993194580078e-01
9.848874807357788086e-01
9.938740134239196777e-01
1.037369012832641602e+00
9.830219149589538574e-01
1.006090521812438965e+00
1.010071039199829102e+00
9.994558095932006836e-01
9.864776134490966797e-01
1.007317543029785156e+00
1.016384363174438477e+00
9.873116016387939453e-01
9.930672049522399902e-01
1.008590579032897949e+00
9.783133864402770996e-01
1.000423789024353027e+00
9.830516576766967773e-01
1.003609180450439453e+00
1.026554703712463379e+00
9.732807874679565430e-01
9.998719096183776855e-01
9.919142127037048340e-01
9.967145919799804688e-01
9.966652393341064453e-01
1.028253436088562012e+00
1.008879423141479492e+00
9.895017743110656738e-01
9.983351230621337891e-01
1.034514546394348145e+00
9.785406589508056641e-01
9.979500174522399902e-01
9.989026188850402832e-01
9.892606139183044434e-01
1.013082385063171387e+00
9.853532314300537109e-01
9.914154410362243652e-01
9.975437521934509277e-01
1.064222931861877441e+00
1.002979993820190430e+00
1.007426977157592773e+00
9.988796710968017578e-01
9.919438362121582031e-01
9.979398250579833984e-01
1.004649758338928223e+00
1.001327276229858398e+00
9.953937530517578125e-01
9.997497797012329102e-01
9.904429912567138672e-01
9.911855459213256836e-01
9.833891987800598145e-01
9.901372194290161133e-01
9.757353663444519043e-01
9.889032244682312012e-01
1.000354409217834473e+00
9.983066320419311523e-01
1.017736077308654785e+00
1.001628875732421875e+00
1.005848288536071777e+00
1.000996232032775879e+00
1.007612228393554688e+00
9.844633936882019043e-01
