9.991461038589477539e-01
9.946430325508117676e-01
9.995826482772827148e-01
9.928055405616760254e-01
1.001824259757995605e+00
9.971356987953186035e-01
9.996479749679565430e-01
9.941808581352233887e-01
9.933081269264221191e-01
9.978151917457580566e-01
9.972171187400817871e-01
9.963180422782897949e-01
9.958030581474304199e-01
1.003323912620544434e+00
1.007567524909973145e+00
1.002100944519042969e+00
1.000651597976684570e+00
1.007142901420593262e+00
1.004909992218017578e+00
9.973109960556030273e-01
1.015898942947387695e+00
1.001961588859558105e+00
9.908453822135925293e-01
1.001009464263916016e+00
9.941633343696594238e-01
9.929444193840026855e-01
1.027646660804748535e+00
1.001894593238830566e+00
1.005544185638427734e+00
1.000307917594909668e+00
1.000267744064331055e+00
9.893735647201538086e-01
9.918562769889831543e-01
9.971920847892761230e-01
9.977438449859619141e-01
9.997954368591308594e-01
1.005399942398071289e+00
9.983986020088195801e-01
9.940575957298278809e-01
1.002021789550781250e+00
9.811223745346069336e-01
1.007113099098205566e+00
9.987167119979858398e-01
9.866605997085571289e-01
9.963392019271850586e-01
1.007804393768310547e+00
9.934939146041870117e-01
9.914199709892272949e-01
9.807564020156860352e-01
9.992433786392211914e-01
9.986339211463928223e-01
1.011933207511901855e+00
9.973129034042358398e-01
9.970972537994384766e-01
9.965843558311462402e-01
9.980191588401794434e-01
1.001129627227783203e+00
1.000306606292724609e+00
1.001228451728820801e+00
1.018368244171142578e+00
9.969814419746398926e-01
9.988459944725036621e-01
1.017411947250366211e+00
9.932033419609069824e-01
9.896952509880065918e-01
1.005500435829162598e+00
1.017449736595153809e+00
1.002420544624328613e+00
9.954900741577148438e-01
1.002295732498168945e+00
1.011858224868774414e+00
1.000517964363098145e+00
9.963398575782775879e-01
1.000183582305908203e+00
1.005678772926330566e+00
1.015043020248413086e+00
9.901285171508789062e-01
9.980082511901855469e-01
9.899027347564697266e-01
9.989552497863769531e-01
9.968992471694946289e-01
1.002164244651794434e+00
9.954264163970947266e-01
9.941081404685974121e-01
9.984975457191467285e-01
1.022037386894226074e+00
9.961740970611572266e-01
9.981910586357116699e-01
1.007895588874816895e+00
9.970777630805969238e-01
9.961026310920715332e-01
9.994884133338928223e-01
9.950000047683715820e-01
9.999621510505676270e-01
9.982364177703857422e-01
9.964684844017028809e-01
1.019122362136840820e+00
9.964614510536193848e-01
9.910263419151306152e-01
1.005786776542663574e+00
9.961706399917602539e-01
9.979138970375061035e-01
1.040217995643615723e+00
9.964451789855957031e-01
9.916701912879943848e-01
9.976325035095214844e-01
9.995702505111694336e-01
9.965956807136535645e-01
9.919692873954772949e-01
9.980088472366333008e-01
9.937718510627746582e-01
9.997905492782592773e-01
9.972028732299804688e-01
9.984329342842102051e-01
1.000132918357849121e+00
1.005861639976501465e+00
1.007334709167480469e+00
9.996310472488403320e-01
9.994580149650573730e-01
1.000501871109008789e+00
9.955204129219055176e-01
9.967834353446960449e-01
9.958562850952148438e-01
9.955108761787414551e-01
1.000478148460388184e+00
1.001384615898132324e+00
1.001279950141906738e+00
9.989874362945556641e-01
9.981451034545898438e-01
1.000653386116027832e+00
1.002429962158203125e+00
1.000406146049499512e+00
9.969751238822937012e-01
1.047810912132263184e+00
9.994227886199951172e-01
9.996313452720642090e-01
9.938477873802185059e-01
1.000353097915649414e+00
1.003763198852539062e+00
1.002623081207275391e+00
9.986256361007690430e-01
9.925763607025146484e-01
9.947739243507385254e-01
9.971853494644165039e-01
9.956671595573425293e-01
9.932402968406677246e-01
9.993613362312316895e-01
1.015876173973083496e+00
9.940618276596069336e-01
9.955727458000183105e-01
9.942143559455871582e-01
9.982542991638183594e-01
9.891366958618164062e-01
1.018285989761352539e+00
9.971925020217895508e-01
9.943304657936096191e-01
1.001196146011352539e+00
1.002960085868835449e+00
9.952059388160705566e-01
9.963111877441406250e-01
9.914486408233642578e-01
1.001580238342285156e+00
9.898180961608886719e-01
1.003927826881408691e+00
9.937455654144287109e-01
1.000385880470275879e+00
9.911754727363586426e-01
1.002297639846801758e+00
9.989697933197021484e-01
9.955210685729980469e-01
9.964127540588378906e-01
1.001862168312072754e+00
9.986127614974975586e-01
9.986867308616638184e-01
1.000965952873229980e+00
9.956670403480529785e-01
1.008914828300476074e+00
1.002310276031494141e+00
9.977372288703918457e-01
9.938783049583435059e-01
1.000208497047424316e+00
9.992207884788513184e-01
9.950445294380187988e-01
9.998536705970764160e-01
9.995511770248413086e-01
9.968549013137817383e-01
9.981965422630310059e-01
1.000482678413391113e+00
9.960484504699707031e-01
1.001103401184082031e+00
9.899075627326965332e-01
9.999395608901977539e-01
9.931989312171936035e-01
9.916729331016540527e-01
1.002858400344848633e+00
9.978364706039428711e-01
9.996539354324340820e-01
9.931177496910095215e-01
9.970965981483459473e-01
9.983513951301574707e-01
9.931753873825073242e-01
1.008612871170043945e+00
1.001059651374816895e+00
9.905856847763061523e-01
1.002711534500122070e+00
1.008391737937927246e+00
1.007120370864868164e+00
9.947910308837890625e-01
1.003066778182983398e+00
9.957989454269409180e-01
9.942891597747802734e-01
9.994012713432312012e-01
1.003891706466674805e+00
9.921849370002746582e-01
1.003408908843994141e+00
9.988594651222229004e-01
9.990755319595336914e-01
1.004848599433898926e+00
1.013796091079711914e+00
1.002074480056762695e+00
9.979236721992492676e-01
1.000009655952453613e+00
9.983586668968200684e-01
9.981288909912109375e-01
9.967706799507141113e-01
9.948353767395019531e-01
9.936858415603637695e-01
9.966164827346801758e-01
1.000550389289855957e+00
1.003483653068542480e+00
1.002878904342651367e+00
9.994450807571411133e-01
1.004939794540405273e+00
9.993822574615478516e-01
9.975274801254272461e-01
9.998067021369934082e-01
9.963377714157104492e-01
9.936608672142028809e-01
9.843702316284179688e-01
9.960571527481079102e-01
9.917688369750976562e-01
1.004566192626953125e+00
1.012529730796813965e+00
1.000886082649230957e+00
9.906899333000183105e-01
1.017420530319213867e+00
9.973643422126770020e-01
9.995486736297607422e-01
9.984459877014160156e-01
9.979326128959655762e-01
9.998222589492797852e-01
9.929384589195251465e-01
1.006488680839538574e+00
9.984146356582641602e-01
9.964199066162109375e-01
9.957702755928039551e-01
1.006870865821838379e+00
9.954625964164733887e-01
1.010165810585021973e+00
9.991732239723205566e-01
9.948088526725769043e-01
9.976269602775573730e-01
9.991539120674133301e-01
9.963907599449157715e-01
9.997558593750000000e-01
1.001985549926757812e+00
9.990507364273071289e-01
9.975778460502624512e-01
1.012405276298522949e+00
9.971286058425903320e-01
1.009263396263122559e+00
9.901393055915832520e-01
1.014895319938659668e+00
1.003877878189086914e+00
9.975571632385253906e-01
9.982909560203552246e-01
1.001105666160583496e+00
9.919452667236328125e-01
9.958445429801940918e-01
1.001684308052062988e+00
9.982229471206665039e-01
1.000759243965148926e+00
9.998080730438232422e-01
9.992747306823730469e-01
9.941605925559997559e-01
9.936681985855102539e-01
9.937463998794555664e-01
1.006565451622009277e+00
9.955832958221435547e-01
9.984518289566040039e-01
9.997782707214355469e-01
1.005777120590209961e+00
1.011581540107727051e+00
9.890488386154174805e-01
9.979651570320129395e-01
1.001151084899902344e+00
1.002690076828002930e+00
9.919198155403137207e-01
1.005658745765686035e+00
9.983111023902893066e-01
9.985205531120300293e-01
9.956611394882202148e-01
1.003059029579162598e+00
9.979528188705444336e-01
9.920632839202880859e-01
1.001379013061523438e+00
1.001555323600769043e+00
9.958018064498901367e-01
9.961316585540771484e-01
1.008078932762145996e+00
1.001216411590576172e+00
9.872483015060424805e-01
1.002943396568298340e+00
9.984198212623596191e-01
1.000029087066650391e+00
9.857587814331054688e-01
9.971663355827331543e-01
9.970984458923339844e-01
9.915844202041625977e-01
1.009201526641845703e+00
9.970172047615051270e-01
9.992855191230773926e-01
1.003535151481628418e+00
9.916356801986694336e-01
9.988637566566467285e-01
1.004732489585876465e+00
1.008544564247131348e+00
9.775511026382446289e-01
1.002571225166320801e+00
9.936272501945495605e-01
9.958025217056274414e-01
9.954370260238647461e-01
1.003805756568908691e+00
1.011666178703308105e+00
9.998537302017211914e-01
9.982309341430664062e-01
9.968411326408386230e-01
1.003890037536621094e+00
9.952032566070556641e-01
9.977318644523620605e-01
9.994087219238281250e-01
9.889522790908813477e-01
9.998131990432739258e-01
9.997153878211975098e-01
1.006069064140319824e+00
1.006827116012573242e+00
9.958084821701049805e-01
1.001297473907470703e+00
1.005454897880554199e+00
9.940277338027954102e-01
9.947091341018676758e-01
9.932968616485595703e-01
1.004180073738098145e+00
9.980226159095764160e-01
1.001936554908752441e+00
9.993115663528442383e-01
9.976787567138671875e-01
9.964544177055358887e-01
1.000899195671081543e+00
1.000179171562194824e+00
1.003410220146179199e+00
9.993090033531188965e-01
9.975233674049377441e-01
1.026446104049682617e+00
1.040459394454956055e+00
1.009529352188110352e+00
9.906421303749084473e-01
9.929299950599670410e-01
1.003616690635681152e+00
1.005222916603088379e+00
1.005271911621093750e+00
1.016742229461669922e+00
1.003359198570251465e+00
9.996613264083862305e-01
1.003868579864501953e+00
1.017153501510620117e+00
9.936464428901672363e-01
9.944608807563781738e-01
9.965958595275878906e-01
1.000858068466186523e+00
9.918735623359680176e-01
9.981428980827331543e-01
9.938731789588928223e-01
1.001848340034484863e+00
9.959328174591064453e-01
1.001247167587280273e+00
9.977722764015197754e-01
9.933258891105651855e-01
1.001469969749450684e+00
1.021950125694274902e+00
9.968522787094116211e-01
9.914789199829101562e-01
9.885068535804748535e-01
1.009692072868347168e+00
1.001365542411804199e+00
9.973018765449523926e-01
9.947938919067382812e-01
9.940506219863891602e-01
1.001734375953674316e+00
9.904670119285583496e-01
9.917626380920410156e-01
1.039171218872070312e+00
1.012807369232177734e+00
1.000672698020935059e+00
1.000313401222229004e+00
9.963442683219909668e-01
1.003789901733398438e+00
1.015341758728027344e+00
1.004461050033569336e+00
1.009228110313415527e+00
9.996768236160278320e-01
1.006283521652221680e+00
1.009486794471740723e+00
1.001463770866394043e+00
9.971719384193420410e-01
9.991254210472106934e-01
1.011950612068176270e+00
9.958903193473815918e-01
9.934630990028381348e-01
1.002870082855224609e+00
9.921814799308776855e-01
9.988366961479187012e-01
1.003622055053710938e+00
9.911107420921325684e-01
1.003237962722778320e+00
1.007525920867919922e+00
1.003857374191284180e+00
1.002270340919494629e+00
1.007856488227844238e+00
1.000479459762573242e+00
9.980407953262329102e-01
9.981682300567626953e-01
9.971930384635925293e-01
9.957564473152160645e-01
1.003850340843200684e+00
1.003629446029663086e+00
1.000645399093627930e+00
9.939578771591186523e-01
9.995827078819274902e-01
9.991132020950317383e-01
1.001339912414550781e+00
9.983055591583251953e-01
1.003104567527770996e+00
1.006567478179931641e+00
9.991077780723571777e-01
9.957180023193359375e-01
9.984053373336791992e-01
9.875422716140747070e-01
9.993861913681030273e-01
9.955185651779174805e-01
9.988266229629516602e-01
1.003534078598022461e+00
9.940896630287170410e-01
1.014699459075927734e+00
9.978623986244201660e-01
9.933540821075439453e-01
9.980934858322143555e-01
9.993502497673034668e-01
9.950876235961914062e-01
9.985804557800292969e-01
9.948803782463073730e-01
1.003656029701232910e+00
1.013246893882751465e+00
1.001304149627685547e+00
9.987894296646118164e-01
1.004042029380798340e+00
9.968008399009704590e-01
9.992468953132629395e-01
9.946042299270629883e-01
1.005402445793151855e+00
9.922279119491577148e-01
9.967337846755981445e-01
9.890494346618652344e-01
1.009939551353454590e+00
9.951035380363464355e-01
9.995506405830383301e-01
1.009454488754272461e+00
1.009963989257812500e+00
9.915367960929870605e-01
1.000107645988464355e+00
1.001324892044067383e+00
9.974700808525085449e-01
1.001055121421813965e+00
1.008734583854675293e+00
9.972193837165832520e-01
9.981643557548522949e-01
9.999083876609802246e-01
9.895293116569519043e-01
1.003409147262573242e+00
9.950574636459350586e-01
1.000330209732055664e+00
9.881535172462463379e-01
9.982417225837707520e-01
1.000249385833740234e+00
9.961718916893005371e-01
1.025477766990661621e+00
9.977056980133056641e-01
9.995429515838623047e-01
1.001802563667297363e+00
1.003224253654479980e+00
1.006306409835815430e+00
1.002723813056945801e+00
1.000533461570739746e+00
1.003788948059082031e+00
9.975345134735107422e-01
9.987255334854125977e-01
9.975240230560302734e-01
1.000087499618530273e+00
9.986691474914550781e-01
9.962438344955444336e-01
9.982821941375732422e-01
1.000967621803283691e+00
1.021297216415405273e+00
9.960988163948059082e-01
1.003052830696105957e+00
1.003697276115417480e+00
9.993422031402587891e-01
9.999603629112243652e-01
9.919996261596679688e-01
1.008432984352111816e+00
9.859375953674316406e-01
9.936165213584899902e-01
1.000219464302062988e+00
9.952893257141113281e-01
9.765138626098632812e-01
1.009049654006958008e+00
9.981047511100769043e-01
9.973444938659667969e-01
9.890663027763366699e-01
1.016469478607177734e+00
9.985398054122924805e-01
1.000529885292053223e+00
1.004128813743591309e+00
9.910100102424621582e-01
9.964497089385986328e-01
9.959421753883361816e-01
9.942622780799865723e-01
1.000246167182922363e+00
1.015545129776000977e+00
9.890635609626770020e-01
9.964937567710876465e-01
9.912160634994506836e-01
9.938527941703796387e-01
9.970696568489074707e-01
9.975313544273376465e-01
9.979769587516784668e-01
9.992570281028747559e-01
9.900034070014953613e-01
1.010063529014587402e+00
9.958761930465698242e-01
9.997607469558715820e-01
1.001701593399047852e+00
1.016557097434997559e+00
1.005334496498107910e+00
9.937105774879455566e-01
9.927072525024414062e-01
9.838890433311462402e-01
9.942365288734436035e-01
9.972211122512817383e-01
1.000107884407043457e+00
9.990379810333251953e-01
9.939152598381042480e-01
9.980453252792358398e-01
9.960713386535644531e-01
1.002263784408569336e+00
1.003764748573303223e+00
1.009359717369079590e+00
9.953843951225280762e-01
1.018103957176208496e+00
1.001270532608032227e+00
9.998206496238708496e-01
9.944208264350891113e-01
9.945442080497741699e-01
9.969371557235717773e-01
9.983402490615844727e-01
1.000893712043762207e+00
9.997822046279907227e-01
9.970518350601196289e-01
1.006383180618286133e+00
1.001008272171020508e+00
1.009825706481933594e+00
1.007800102233886719e+00
1.004260540008544922e+00
1.000544786453247070e+00
1.019816875457763672e+00
1.002619028091430664e+00
1.004773139953613281e+00
1.001573204994201660e+00
1.009615421295166016e+00
1.002049207687377930e+00
9.954163432121276855e-01
9.858171939849853516e-01
1.004236578941345215e+00
1.011051535606384277e+00
9.949529170989990234e-01
9.944385290145874023e-01
1.002560019493103027e+00
1.020234942436218262e+00
9.937746524810791016e-01
1.000917196273803711e+00
9.968897104263305664e-01
9.942238926887512207e-01
9.994105696678161621e-01
9.977025389671325684e-01
9.987008571624755859e-01
1.003887176513671875e+00
9.969216585159301758e-01
1.023896932601928711e+00
1.002027630805969238e+00
1.006692171096801758e+00
1.003153204917907715e+00
1.000424265861511230e+00
9.960390329360961914e-01
9.956163167953491211e-01
9.949676394462585449e-01
1.002740502357482910e+00
1.004207849502563477e+00
1.002201080322265625e+00
1.004786014556884766e+00
9.996281266212463379e-01
9.935362935066223145e-01
1.007139086723327637e+00
1.002538800239562988e+00
9.944604635238647461e-01
9.970531463623046875e-01
1.000473141670227051e+00
1.003850936889648438e+00
1.005070328712463379e+00
9.975339174270629883e-01
9.978439211845397949e-01
1.001347064971923828e+00
1.000871658325195312e+00
9.998226761817932129e-01
9.998318552970886230e-01
1.001293420791625977e+00
9.990544915199279785e-01
9.974200129508972168e-01
1.001474738121032715e+00
9.996860027313232422e-01
9.930713772773742676e-01
9.989608526229858398e-01
1.000945091247558594e+00
9.902425408363342285e-01
9.962539076805114746e-01
9.861937165260314941e-01
9.988462924957275391e-01
9.943735003471374512e-01
9.997169971466064453e-01
9.950684905052185059e-01
1.018784403800964355e+00
1.000118017196655273e+00
9.974033236503601074e-01
1.008945107460021973e+00
1.014273405075073242e+00
9.983878731727600098e-01
9.978238940238952637e-01
9.939778447151184082e-01
9.985784292221069336e-01
9.978379607200622559e-01
9.996277093887329102e-01
1.001401185989379883e+00
9.995100498199462891e-01
9.941676259040832520e-01
9.864161610603332520e-01
1.000588774681091309e+00
9.981099963188171387e-01
1.000349521636962891e+00
9.948083162307739258e-01
9.987660646438598633e-01
9.976804256439208984e-01
1.001256227493286133e+00
9.948768019676208496e-01
1.018629908561706543e+00
9.918172955513000488e-01
9.965817332267761230e-01
1.000493407249450684e+00
1.029415369033813477e+00
9.935996532440185547e-01
1.005081653594970703e+00
9.981836676597595215e-01
9.987903833389282227e-01
1.005223035812377930e+00
1.001146912574768066e+00
9.982952475547790527e-01
1.037560939788818359e+00
1.026627659797668457e+00
9.936522841453552246e-01
1.007020235061645508e+00
9.941572546958923340e-01
9.996904134750366211e-01
1.001602649688720703e+00
1.005048394203186035e+00
1.000915050506591797e+00
9.978713989257812500e-01
1.005997419357299805e+00
1.003447771072387695e+00
9.932715296745300293e-01
9.939876794815063477e-01
9.987773895263671875e-01
1.000834703445434570e+00
9.955711364746093750e-01
9.957805275917053223e-01
9.887518286705017090e-01
1.001164317131042480e+00
9.992982745170593262e-01
9.983290433883666992e-01
9.879390001296997070e-01
1.005115032196044922e+00
9.970672130584716797e-01
9.988908171653747559e-01
1.012413740158081055e+00
9.937689304351806641e-01
9.944297075271606445e-01
1.005020380020141602e+00
9.945573210716247559e-01
9.963859915733337402e-01
1.007402062416076660e+00
9.938868880271911621e-01
1.000208258628845215e+00
9.990983605384826660e-01
1.000845909118652344e+00
9.932550191879272461e-01
9.986531734466552734e-01
9.999598264694213867e-01
9.882148504257202148e-01
1.000113844871520996e+00
9.973149299621582031e-01
9.951300024986267090e-01
9.945806860923767090e-01
1.025026917457580566e+00
9.978643655776977539e-01
9.890579581260681152e-01
9.955694079399108887e-01
1.019977331161499023e+00
1.005127668380737305e+00
9.998273849487304688e-01
9.997029900550842285e-01
9.960721135139465332e-01
1.001039505004882812e+00
9.887327551841735840e-01
1.003654956817626953e+00
9.926884174346923828e-01
1.001540541648864746e+00
9.993226528167724609e-01
1.000468015670776367e+00
1.012212514877319336e+00
1.004743814468383789e+00
9.986815452575683594e-01
9.925472140312194824e-01
9.983901381492614746e-01
1.001326441764831543e+00
1.000825762748718262e+00
9.953460097312927246e-01
9.915991425514221191e-01
1.011571288108825684e+00
1.017821788787841797e+00
9.999731779098510742e-01
9.913733005523681641e-01
1.002492547035217285e+00
9.996430277824401855e-01
1.003235578536987305e+00
1.002729773521423340e+00
1.018440961837768555e+00
9.987724423408508301e-01
9.968252182006835938e-01
9.985441565513610840e-01
9.943470954895019531e-01
1.004174351692199707e+00
9.981905221939086914e-01
1.002761721611022949e+00
9.950813651084899902e-01
9.921113252639770508e-01
9.973541498184204102e-01
1.027297735214233398e+00
1.014393806457519531e+00
1.006433844566345215e+00
9.926466345787048340e-01
1.010059595108032227e+00
9.966042041778564453e-01
9.976866245269775391e-01
9.878329634666442871e-01
9.978338479995727539e-01
9.987528920173645020e-01
9.995431303977966309e-01
9.971321225166320801e-01
9.897449612617492676e-01
9.906220436096191406e-01
1.005638718605041504e+00
1.001192212104797363e+00
9.990146756172180176e-01
9.997102022171020508e-01
1.002489209175109863e+00
9.964745640754699707e-01
1.000552177429199219e+00
1.003200769424438477e+00
9.980000853538513184e-01
1.002622961997985840e+00
9.971818923950195312e-01
1.015000104904174805e+00
9.998723864555358887e-01
1.003953576087951660e+00
9.966371655464172363e-01
1.000285148620605469e+00
9.920837879180908203e-01
1.006209015846252441e+00
9.964606761932373047e-01
1.002334713935852051e+00
9.965882897377014160e-01
1.000434517860412598e+00
9.942774772644042969e-01
9.859630465507507324e-01
1.006093502044677734e+00
9.938629865646362305e-01
9.960162043571472168e-01
9.889606237411499023e-01
9.989562630653381348e-01
9.991050362586975098e-01
9.918873310089111328e-01
9.972481131553649902e-01
1.000325560569763184e+00
1.001411557197570801e+00
9.936916828155517578e-01
9.975461363792419434e-01
1.001600623130798340e+00
1.005678772926330566e+00
1.025474309921264648e+00
9.981005787849426270e-01
1.006420850753784180e+00
9.913664460182189941e-01
9.994615316390991211e-01
1.002659082412719727e+00
1.000238299369812012e+00
9.996887445449829102e-01
1.000604033470153809e+00
9.965843558311462402e-01
1.000286698341369629e+00
1.001277208328247070e+00
9.973359107971191406e-01
9.982208013534545898e-01
1.004552245140075684e+00
9.938699007034301758e-01
9.976950883865356445e-01
1.004464268684387207e+00
1.007117509841918945e+00
1.017728328704833984e+00
1.005421876907348633e+00
1.005757331848144531e+00
1.008836269378662109e+00
1.007733583450317383e+00
9.991807341575622559e-01
1.013480186462402344e+00
1.000312566757202148e+00
1.001186013221740723e+00
1.001449823379516602e+00
9.916250109672546387e-01
9.949433207511901855e-01
1.001895308494567871e+00
9.971311688423156738e-01
1.000681281089782715e+00
9.986170530319213867e-01
9.943243861198425293e-01
1.002841711044311523e+00
9.991997480392456055e-01
1.004111528396606445e+00
9.988352656364440918e-01
1.010574936866760254e+00
9.990217685699462891e-01
1.002230882644653320e+00
9.976541399955749512e-01
1.009730339050292969e+00
9.908329248428344727e-01
9.969507455825805664e-01
9.917066097259521484e-01
9.994586110115051270e-01
1.001402378082275391e+00
1.018098354339599609e+00
1.000429987907409668e+00
9.958948493003845215e-01
9.939153790473937988e-01
9.839639663696289062e-01
1.000193953514099121e+00
9.957556724548339844e-01
1.014549612998962402e+00
9.981251358985900879e-01
9.944123625755310059e-01
1.001252770423889160e+00
9.952744245529174805e-01
9.994901418685913086e-01
1.001428127288818359e+00
9.924140572547912598e-01
9.977317452430725098e-01
1.036137938499450684e+00
9.944154024124145508e-01
1.000229001045227051e+00
1.002274632453918457e+00
1.007636070251464844e+00
1.002733945846557617e+00
1.001899838447570801e+00
1.016541481018066406e+00
9.966874718666076660e-01
1.000190615653991699e+00
9.958280920982360840e-01
9.979327321052551270e-01
9.986830353736877441e-01
9.894451498985290527e-01
9.929248094558715820e-01
9.966499805450439453e-01
9.991243481636047363e-01
1.004719495773315430e+00
1.000360369682312012e+00
9.982191324234008789e-01
9.964392781257629395e-01
1.003993630409240723e+00
9.985255599021911621e-01
9.904611706733703613e-01
9.996470808982849121e-01
9.963584542274475098e-01
9.990084171295166016e-01
9.854026436805725098e-01
1.001247763633728027e+00
9.983998537063598633e-01
9.940927624702453613e-01
1.002741217613220215e+00
1.003432035446166992e+00
1.000551104545593262e+00
1.005809545516967773e+00
1.002114176750183105e+00
1.000484585762023926e+00
9.994489550590515137e-01
9.999648332595825195e-01
1.007150530815124512e+00
9.978803396224975586e-01
9.996182918548583984e-01
9.932589530944824219e-01
1.005815029144287109e+00
1.004726290702819824e+00
1.005268335342407227e+00
1.001841187477111816e+00
9.949691295623779297e-01
9.999001622200012207e-01
9.930163025856018066e-01
1.002460002899169922e+00
9.965466856956481934e-01
9.993857145309448242e-01
9.954398274421691895e-01
9.842237234115600586e-01
9.955470561981201172e-01
9.981925487518310547e-01
9.992892742156982422e-01
1.003069519996643066e+00
9.983627200126647949e-01
1.001595258712768555e+00
1.003235459327697754e+00
1.010272979736328125e+00
9.998565316200256348e-01
9.982839226722717285e-01
9.880744814872741699e-01
9.992258548736572266e-01
9.997367858886718750e-01
9.963603615760803223e-01
9.980145692825317383e-01
1.006945013999938965e+00
9.930332899093627930e-01
1.001127719879150391e+00
9.956467747688293457e-01
1.001514792442321777e+00
9.992709755897521973e-01
9.920694231986999512e-01
9.987458586692810059e-01
1.006178736686706543e+00
1.000841617584228516e+00
9.928674101829528809e-01
1.000786662101745605e+00
9.829809069633483887e-01
9.937251210212707520e-01
9.964526891708374023e-01
9.978418946266174316e-01
9.955478310585021973e-01
1.008200168609619141e+00
9.975082278251647949e-01
1.001009702682495117e+00
1.001296043395996094e+00
1.008379817008972168e+00
9.955078363418579102e-01
9.978934526443481445e-01
1.002461194992065430e+00
9.971286058425903320e-01
1.011367559432983398e+00
1.000430107116699219e+00
1.005475401878356934e+00
9.895477294921875000e-01
9.970366954803466797e-01
1.002767443656921387e+00
9.912825822830200195e-01
9.936723709106445312e-01
9.918273687362670898e-01
9.959582090377807617e-01
9.948546290397644043e-01
9.972656965255737305e-01
9.966363906860351562e-01
9.968924522399902344e-01
1.026203393936157227e+00
1.010713815689086914e+00
9.986081123352050781e-01
1.001737952232360840e+00
9.973588585853576660e-01
1.008912920951843262e+00
9.949023723602294922e-01
9.848206639289855957e-01
1.011401057243347168e+00
1.009160041809082031e+00
1.004633545875549316e+00
1.001794934272766113e+00
9.994151592254638672e-01
1.006082653999328613e+00
1.009869813919067383e+00
1.000753283500671387e+00
9.969108700752258301e-01
9.989133477210998535e-01
1.004036426544189453e+00
9.970709085464477539e-01
1.005738377571105957e+00
1.001510500907897949e+00
1.002127766609191895e+00
