9.397161602973937988e-01
1.019147157669067383e+00
1.000931978225708008e+00
9.939055442810058594e-01
9.888717532157897949e-01
1.058707118034362793e+00
1.164257049560546875e+00
9.102840423583984375e-01
9.888679385185241699e-01
1.000344872474670410e+00
8.957918286323547363e-01
1.019027948379516602e+00
9.792600870132446289e-01
9.627587795257568359e-01
9.534777998924255371e-01
1.018908500671386719e+00
1.007116198539733887e+00
9.651202559471130371e-01
1.008900284767150879e+00
9.602630138397216797e-01
9.109963774681091309e-01
9.979143738746643066e-01
1.019132852554321289e+00
9.823927283287048340e-01
9.981991052627563477e-01
9.232367277145385742e-01
1.047407269477844238e+00
1.074759125709533691e+00
9.963630437850952148e-01
1.031194686889648438e+00
9.568150639533996582e-01
9.783911705017089844e-01
8.882430195808410645e-01
9.494095444679260254e-01
1.019282460212707520e+00
1.120649695396423340e+00
1.123134374618530273e+00
9.690287709236145020e-01
1.000049114227294922e+00
9.159945845603942871e-01
9.217821955680847168e-01
9.715045094490051270e-01
9.807182550430297852e-01
1.103033661842346191e+00
1.006016016006469727e+00
1.086443781852722168e+00
9.512197971343994141e-01
8.919432163238525391e-01
1.044611692428588867e+00
9.734556078910827637e-01
9.673565030097961426e-01
1.095052599906921387e+00
9.433339834213256836e-01
9.336357712745666504e-01
1.173727512359619141e+00
1.070344567298889160e+00
1.204605460166931152e+00
1.038652420043945312e+00
9.531459808349609375e-01
9.602179527282714844e-01
9.869480133056640625e-01
9.676936268806457520e-01
9.806112647056579590e-01
1.017496824264526367e+00
