-2.034267038106918335e-02
-1.790594123303890228e-02
-8.266887068748474121e-02
-4.966212436556816101e-02
-5.680673196911811829e-02
-7.327950000762939453e-02
-6.558382511138916016e-02
-2.190299145877361298e-02
2.921556308865547180e-02
3.421540837734937668e-03
-2.518467977643013000e-02
-5.447879433631896973e-02
-7.839686423540115356e-02
1.444601360708475113e-02
-1.219935342669487000e-02
7.258740812540054321e-02
-4.430381953716278076e-02
-5.716271698474884033e-02
8.720095455646514893e-02
2.001083828508853912e-02
1.422461308538913727e-02
7.839863747358322144e-02
-7.076171040534973145e-02
-5.991211161017417908e-02
3.304595593363046646e-03
1.556976232677698135e-02
-3.905864432454109192e-02
-4.073596000671386719e-02
4.741778597235679626e-02
-6.129904836416244507e-02
-6.249041482806205750e-02
7.898511737585067749e-02
-4.264494031667709351e-02
2.068418776616454124e-03
-5.563790723681449890e-02
2.783343894407153130e-03
5.619076639413833618e-02
-7.855259627103805542e-02
1.824413798749446869e-02
7.809070497751235962e-02
1.721182279288768768e-02
8.117302507162094116e-02
5.283859744668006897e-02
2.723270794376730919e-03
6.737027317285537720e-02
6.996470689773559570e-02
-2.922627888619899750e-02
-4.334593564271926880e-02
5.291846394538879395e-02
-4.288844298571348190e-03
-8.150884509086608887e-02
3.761518746614456177e-02
-4.071831330657005310e-02
3.366886079311370850e-02
-8.443631231784820557e-02
5.876363068819046021e-02
-4.823012277483940125e-02
-7.272907346487045288e-02
-3.133549541234970093e-02
8.180540055036544800e-02
4.892542213201522827e-02
-2.398043870925903320e-02
-4.255314171314239502e-02
-5.460230633616447449e-02
-8.840854279696941376e-03
-6.846413016319274902e-02
3.432702645659446716e-02
2.563385479152202606e-02
4.696916416287422180e-02
7.510314136743545532e-02
-8.678019046783447266e-02
-1.136909145861864090e-02
-3.499438986182212830e-02
-7.800614088773727417e-02
-4.448994994163513184e-02
3.477771207690238953e-02
-5.468607321381568909e-02
-4.093239828944206238e-02
-6.167515739798545837e-02
-2.192187123000621796e-02
-7.636827230453491211e-02
8.756519854068756104e-02
5.784245952963829041e-02
-6.510042399168014526e-02
2.570420317351818085e-02
3.507775813341140747e-02
1.198009587824344635e-02
7.163188606500625610e-02
4.077180754393339157e-03
3.826731443405151367e-02
-3.903041407465934753e-02
-7.717573642730712891e-02
5.523383244872093201e-02
-3.139425069093704224e-02
-6.141304597258567810e-02
-8.038648217916488647e-02
5.298626795411109924e-02
7.251518219709396362e-02
-3.967363759875297546e-02
-8.462721109390258789e-02
3.344462066888809204e-02
-1.989695802330970764e-02
-7.018173346295952797e-04
3.699684143066406250e-02
-4.245408624410629272e-02
3.000321425497531891e-02
-4.793594777584075928e-02
1.782200485467910767e-02
-9.377478621900081635e-03
-8.796185255050659180e-02
2.591018564999103546e-02
-7.995780557394027710e-02
-7.307615131139755249e-02
5.676489323377609253e-02
1.011030189692974091e-02
-3.724380955100059509e-02
-2.602304145693778992e-02
-5.539360456168651581e-03
-3.869468346238136292e-02
6.319675594568252563e-02
-8.607062697410583496e-02
3.090670518577098846e-02
-5.201843008399009705e-02
-5.647308751940727234e-02
5.484238266944885254e-03
8.299619704484939575e-02
8.418283611536026001e-02
-2.096650749444961548e-02
-8.642528206110000610e-02
7.924061268568038940e-02
-3.335542604327201843e-02
-4.171925783157348633e-02
-6.326431781053543091e-02
7.509852945804595947e-02
2.335046976804733276e-02
1.617475971579551697e-02
-4.123347252607345581e-02
8.980321697890758514e-03
-2.791073918342590332e-02
6.715567409992218018e-02
7.132405787706375122e-02
-1.983711309731006622e-02
7.362629473209381104e-02
8.102644979953765869e-02
-4.756696522235870361e-02
3.066676296293735504e-02
1.886931248009204865e-02
-2.622406743466854095e-02
-5.016478151082992554e-02
-5.658023431897163391e-02
4.228293895721435547e-03
-1.255889702588319778e-02
-6.452792137861251831e-02
6.315483897924423218e-02
6.327974796295166016e-02
1.539336703717708588e-02
-6.450472772121429443e-02
1.624870486557483673e-02
-7.292941212654113770e-02
8.348852396011352539e-02
1.977168954908847809e-03
-1.273698406293988228e-03
1.335988007485866547e-02
-4.900266602635383606e-02
6.031813472509384155e-02
-7.199488580226898193e-02
-5.551620572805404663e-02
-5.354434624314308167e-02
4.461152106523513794e-02
3.407624363899230957e-02
-5.840551108121871948e-02
-3.443410247564315796e-02
4.436636343598365784e-02
6.127597391605377197e-02
-2.271528542041778564e-02
6.777606904506683350e-02
-1.218773610889911652e-02
7.488667964935302734e-02
-1.551449671387672424e-02
2.118104510009288788e-02
-1.896334812045097351e-02
-6.447076052427291870e-02
6.512200087308883667e-02
3.100375644862651825e-03
-4.053147509694099426e-02
-7.317885290831327438e-03
-3.121631592512130737e-02
-2.087720669806003571e-03
-3.546015592291951180e-03
2.950519509613513947e-02
-7.590240240097045898e-02
7.099090516567230225e-02
7.897202670574188232e-02
-1.672087609767913818e-02
3.350287675857543945e-02
-1.697509549558162689e-02
3.686881810426712036e-02
-8.488819003105163574e-02
-8.396841585636138916e-02
-4.471816495060920715e-02
3.208808228373527527e-02
7.433981448411941528e-02
-5.896278843283653259e-02
-7.413947582244873047e-02
8.572818338871002197e-02
2.814164012670516968e-02
7.866983860731124878e-02
6.313008256256580353e-03
4.282613843679428101e-02
7.639597356319427490e-02
-2.538367733359336853e-02
4.928055033087730408e-02
5.440408736467361450e-02
3.976196050643920898e-03
2.193360961973667145e-02
-3.203499689698219299e-02
-6.357214599847793579e-02
-5.553587898612022400e-02
-4.829772561788558960e-02
7.808542996644973755e-02
2.572426572442054749e-02
2.935754507780075073e-02
-1.691260188817977905e-02
5.148578807711601257e-02
-3.440044820308685303e-02
7.379972189664840698e-02
-1.526803011074662209e-03
6.600554287433624268e-02
-4.912633448839187622e-02
3.528085350990295410e-02
-1.233342010527849197e-02
-3.026615129783749580e-03
7.039311528205871582e-02
4.833481740206480026e-03
3.236630186438560486e-02
6.851804908365011215e-03
3.169926628470420837e-02
-3.501906618475914001e-02
-5.902153998613357544e-02
-1.405575219541788101e-02
-6.861321628093719482e-02
5.862314626574516296e-02
5.135966464877128601e-02
-1.712098717689514160e-02
-8.768191933631896973e-02
2.233875729143619537e-02
-1.656775735318660736e-02
-5.055112019181251526e-02
6.823366135358810425e-02
5.399371683597564697e-02
3.850515931844711304e-02
5.748704820871353149e-02
-5.559789761900901794e-02
-3.055036440491676331e-02
-3.171873837709426880e-02
7.527273148298263550e-02
8.568208664655685425e-02
3.083082474768161774e-02
-2.882045693695545197e-02
-4.049172997474670410e-02
-8.030571788549423218e-02
-1.454847864806652069e-02
-7.268290221691131592e-02
-4.688272997736930847e-02
8.758971840143203735e-02
-4.999075457453727722e-02
5.227887537330389023e-03
-2.903027459979057312e-02
-2.714818157255649567e-02
-7.830570638179779053e-02
-7.189637515693902969e-03
-1.036159601062536240e-02
-3.413640707731246948e-02
7.918775081634521484e-02
6.160732358694076538e-02
1.675962097942829132e-02
-3.877751156687736511e-02
-2.215620316565036774e-02
6.771326065063476562e-02
4.404790233820676804e-03
1.155730616301298141e-02
7.380176335573196411e-02
3.319856524467468262e-02
-3.173859044909477234e-02
-7.304932922124862671e-02
5.867136642336845398e-04
-7.582840323448181152e-02
4.918322339653968811e-02
-4.263808950781822205e-02
-6.669404357671737671e-02
-5.952716618776321411e-02
1.562154572457075119e-02
1.189394574612379074e-02
7.478754967451095581e-02
2.528501115739345551e-02
8.729425817728042603e-02
8.448398858308792114e-02
-3.813685849308967590e-02
-7.723198086023330688e-02
9.732054546475410461e-03
7.285498082637786865e-02
-9.243912994861602783e-03
5.842527747154235840e-02
3.400244191288948059e-02
-2.779231593012809753e-02
4.158005863428115845e-02
5.278498679399490356e-02
6.105225905776023865e-02
5.825720727443695068e-02
-5.992670729756355286e-02
-7.915403693914413452e-02
6.195850670337677002e-03
9.736827574670314789e-03
-3.824267070740461349e-03
9.790822863578796387e-03
6.497517973184585571e-02
-4.826817288994789124e-02
2.076990343630313873e-02
-4.904500022530555725e-02
-1.665587536990642548e-02
8.640404045581817627e-02
-7.612047344446182251e-02
4.063183814287185669e-02
1.141876820474863052e-02
-2.453612536191940308e-02
1.903808861970901489e-02
-3.346635773777961731e-02
-2.397922985255718231e-02
3.676358982920646667e-02
2.022284828126430511e-02
-3.699751570820808411e-02
-5.198759958148002625e-02
-7.341559231281280518e-02
-7.057567685842514038e-02
-5.764339119195938110e-02
-1.710115745663642883e-02
5.750497058033943176e-02
-2.179584279656410217e-02
3.163708746433258057e-02
9.420610964298248291e-03
-8.717575669288635254e-02
-2.727357298135757446e-02
-5.603298917412757874e-02
2.123109437525272369e-02
2.527871727943420410e-02
1.769771426916122437e-02
-6.753834336996078491e-02
-8.307004719972610474e-02
-1.356700621545314789e-02
-2.767333574593067169e-02
-7.853442430496215820e-02
-5.132035166025161743e-02
3.236167365685105324e-03
-8.395063132047653198e-02
-4.137023910880088806e-02
-4.209590330719947815e-02
-4.724740609526634216e-02
1.927937846630811691e-03
4.543772712349891663e-02
5.437987670302391052e-02
2.861290425062179565e-02
-1.497483346611261368e-03
-2.863128110766410828e-02
8.359269797801971436e-02
7.840786874294281006e-02
6.189388036727905273e-02
3.929976373910903931e-02
1.739109680056571960e-02
1.126465154811739922e-03
-6.225290521979331970e-02
-5.750100687146186829e-02
2.552614361047744751e-02
-4.296807944774627686e-02
-5.843671038746833801e-02
3.362164134159684181e-03
2.520183473825454712e-02
8.340132236480712891e-02
5.316003039479255676e-02
6.716293841600418091e-02
-3.366838768124580383e-02
-2.912488393485546112e-02
6.335689872503280640e-02
-3.092265687882900238e-04
-4.771431908011436462e-03
5.676306784152984619e-02
2.529364312067627907e-03
-3.646267205476760864e-02
6.874257326126098633e-02
1.912411488592624664e-02
-8.391137421131134033e-02
6.537447124719619751e-02
-1.415898185223340988e-02
3.675432875752449036e-02
5.604518204927444458e-02
2.449769712984561920e-02
3.353564441204071045e-02
4.642629995942115784e-03
1.457621902227401733e-02
5.748170614242553711e-02
-7.536318153142929077e-02
6.979253888130187988e-02
1.566680520772933960e-02
-7.249668985605239868e-02
-5.784047767519950867e-02
-5.546105653047561646e-02
8.651751279830932617e-02
2.577752806246280670e-02
-5.545546300709247589e-03
-5.577395483851432800e-02
2.974197641015052795e-02
-6.476371735334396362e-02
7.364463806152343750e-02
4.035374615341424942e-03
-5.521352961659431458e-02
4.872001707553863525e-02
-7.566754519939422607e-02
-3.788661211729049683e-02
-8.673731237649917603e-03
-1.925970800220966339e-02
-5.174005031585693359e-02
1.060486678034067154e-02
7.452777773141860962e-02
-5.038885399699211121e-02
6.952335685491561890e-02
8.416415750980377197e-02
-1.877763494849205017e-02
-6.742656230926513672e-02
7.829377800226211548e-02
6.345696165226399899e-04
7.002065330743789673e-02
7.221280038356781006e-02
1.468363497406244278e-02
-2.634165436029434204e-02
-5.634427815675735474e-02
5.900823324918746948e-02
5.471187829971313477e-02
8.408469706773757935e-02
-7.359752058982849121e-02
6.732821930199861526e-03
-1.608642935752868652e-02
3.570589423179626465e-02
5.399681255221366882e-02
4.506717249751091003e-02
3.383104130625724792e-02
8.627156168222427368e-02
-2.023312076926231384e-02
-4.485471919178962708e-02
-5.582988634705543518e-02
-2.474130690097808838e-02
8.432757109403610229e-02
8.691038191318511963e-02
6.779226474463939667e-03
1.943627186119556427e-02
-8.530888706445693970e-02
-8.808385580778121948e-02
-6.898975372314453125e-02
2.935931459069252014e-02
-6.965199857950210571e-02
1.079607009887695312e-02
8.709221333265304565e-02
1.290941052138805389e-02
-2.553424611687660217e-02
6.362180411815643311e-02
-5.406786128878593445e-02
4.427240788936614990e-02
8.237155526876449585e-02
-7.007344067096710205e-02
6.489390973001718521e-03
-8.733030408620834351e-02
4.156840499490499496e-03
8.602814748883247375e-03
-8.723292499780654907e-02
-3.846671059727668762e-02
-2.541372179985046387e-02
5.653684586286544800e-02
6.779728084802627563e-02
5.633141100406646729e-02
-4.733578860759735107e-02
-6.870068609714508057e-02
7.428670674562454224e-02
-1.502895448356866837e-02
-2.864013239741325378e-02
-1.685043610632419586e-02
-4.782234132289886475e-02
-7.267725467681884766e-02
4.021499305963516235e-02
2.882968634366989136e-02
-7.106351852416992188e-02
1.424626447260379791e-02
-8.731675148010253906e-02
4.776289314031600952e-02
8.593086898326873779e-02
-6.535509228706359863e-02
-3.620363771915435791e-02
-5.196459591388702393e-02
-3.987374156713485718e-02
-6.976184993982315063e-02
-1.624969579279422760e-02
-5.782410502433776855e-02
5.491787940263748169e-02
1.939594745635986328e-02
5.724506080150604248e-02
1.912445947527885437e-02
2.686429582536220551e-02
6.229879334568977356e-02
6.125483661890029907e-02
2.054551878245547414e-04
1.282707601785659790e-02
-3.571471199393272400e-02
5.629356205463409424e-02
-7.572045922279357910e-02
-7.179889082908630371e-02
-4.723261110484600067e-03
-5.924723669886589050e-02
-7.605955004692077637e-02
-2.407233044505119324e-02
6.672094762325286865e-02
7.611043006181716919e-02
-6.863186508417129517e-02
2.119712531566619873e-02
-3.330196440219879150e-02
-9.938322473317384720e-04
6.803888082504272461e-02
8.660113438963890076e-03
-7.945228368043899536e-02
-3.219015151262283325e-02
6.515809148550033569e-02
-8.228202909231185913e-02
4.245037958025932312e-02
8.172464370727539062e-02
-3.661524131894111633e-02
-7.753672450780868530e-02
-4.057875368744134903e-03
7.542718201875686646e-02
-4.041775315999984741e-02
6.169473379850387573e-02
-4.965561442077159882e-03
3.026264905929565430e-02
3.235772624611854553e-02
-4.677914455533027649e-02
-1.391734182834625244e-02
3.701360523700714111e-02
-3.143963217735290527e-02
2.065021730959415436e-02
-5.998039990663528442e-02
9.664230048656463623e-03
-3.310291469097137451e-02
7.167214900255203247e-02
-2.586242184042930603e-02
-4.418692365288734436e-02
5.716554075479507446e-02
-3.183535858988761902e-02
5.307019501924514771e-02
-2.931089838966727257e-03
-7.169792801141738892e-02
2.245050389319658279e-03
-8.189889043569564819e-02
3.834522143006324768e-02
-1.825806684792041779e-02
2.585908211767673492e-02
-5.815332382917404175e-02
4.870497062802314758e-02
7.363133132457733154e-02
-1.538031175732612610e-02
-1.339820865541696548e-02
-1.490082684904336929e-02
2.199621684849262238e-02
7.843831554055213928e-03
-8.583255857229232788e-02
-2.129313535988330841e-02
-1.015645544975996017e-02
8.292187750339508057e-02
-1.893053879030048847e-03
-2.646817825734615326e-02
-1.985975354909896851e-02
8.010153472423553467e-02
1.789969205856323242e-02
-7.718170993030071259e-03
2.768157608807086945e-02
-8.292823284864425659e-02
3.761857002973556519e-02
8.809765800833702087e-03
-7.860789448022842407e-02
5.165772512555122375e-02
1.263554021716117859e-02
3.208796679973602295e-02
7.352255284786224365e-02
-5.767003819346427917e-02
8.069849759340286255e-02
-8.485281467437744141e-02
3.168172389268875122e-02
7.500235736370086670e-02
2.672022767364978790e-02
4.636580869555473328e-02
-6.195156369358301163e-03
-1.060077454894781113e-02
-4.779788665473461151e-03
6.996341794729232788e-02
4.751516971737146378e-04
8.383725583553314209e-02
5.677716806530952454e-02
4.837375879287719727e-02
7.579975295811891556e-03
8.213698118925094604e-02
-5.013391748070716858e-02
-9.066577069461345673e-03
5.580055993050336838e-03
-4.174206778407096863e-02
8.452883362770080566e-02
5.230533424764871597e-03
-7.931895554065704346e-02
-1.422476116567850113e-02
2.934367803391069174e-04
-6.214828789234161377e-02
-5.330288782715797424e-02
5.803971737623214722e-02
-2.814102917909622192e-02
3.284735605120658875e-02
2.516161464154720306e-02
4.308679699897766113e-02
7.110989838838577271e-02
4.816904291510581970e-02
8.875041268765926361e-03
-6.349777430295944214e-02
-3.210305236279964447e-03
-1.801992766559123993e-02
8.437746018171310425e-02
-6.977418065071105957e-02
-7.623229175806045532e-02
3.650882095098495483e-02
-7.363079488277435303e-02
-5.805483832955360413e-02
1.739782840013504028e-02
8.709841221570968628e-02
4.640619829297065735e-02
6.153439637273550034e-03
1.655221544206142426e-02
6.334967166185379028e-02
4.821044206619262695e-02
-6.561577320098876953e-02
5.954840779304504395e-02
6.478008627891540527e-02
5.044058710336685181e-02
7.693117856979370117e-02
6.944172829389572144e-02
5.885137245059013367e-02
5.019897222518920898e-02
2.073867246508598328e-03
1.051936298608779907e-02
-4.070616140961647034e-02
2.309550344944000244e-02
3.919041529297828674e-02
-1.853558234870433807e-02
3.574887290596961975e-02
7.178454101085662842e-02
3.739774972200393677e-02
-5.768030416220426559e-03
-1.081493403762578964e-02
-1.555857341736555099e-02
9.476530365645885468e-03
-4.749096184968948364e-02
-8.079522103071212769e-02
-7.688987255096435547e-02
-7.160964608192443848e-02
-1.509198732674121857e-02
7.585579156875610352e-02
6.345510482788085938e-02
-1.403448358178138733e-02
-5.603183060884475708e-02
-5.864720046520233154e-02
7.082985341548919678e-02
-6.362786144018173218e-02
7.093921303749084473e-02
-1.283535454422235489e-02
-3.144486621022224426e-02
8.615012466907501221e-02
-2.272578142583370209e-02
4.599437117576599121e-02
-4.224185645580291748e-02
3.703111782670021057e-02
-2.757356315851211548e-02
-8.432429283857345581e-02
-1.346250809729099274e-02
8.255218714475631714e-02
7.382749114185571671e-03
1.753251533955335617e-03
2.385359816253185272e-02
-4.635388404130935669e-02
1.004719082266092300e-02
6.743419915437698364e-02
3.899034485220909119e-02
-8.464661240577697754e-02
-5.099293217062950134e-02
-6.620081514120101929e-02
-5.477547645568847656e-02
8.586534112691879272e-02
-3.710295632481575012e-02
-3.552517667412757874e-02
-6.564220041036605835e-02
-1.964280195534229279e-02
1.875680126249790192e-02
6.398778408765792847e-02
6.304944306612014771e-02
-2.444009296596050262e-02
-9.887335821986198425e-03
8.388444036245346069e-02
-7.218503206968307495e-02
-3.490282595157623291e-02
6.545507907867431641e-02
4.987388104200363159e-02
-6.114801764488220215e-02
-5.022401735186576843e-02
-3.508121147751808167e-02
-8.426115661859512329e-02
-3.992361202836036682e-02
1.498864125460386276e-02
3.454606235027313232e-02
-1.532097999006509781e-02
5.969663709402084351e-02
-5.465915054082870483e-02
-1.417359802871942520e-02
-1.369557250291109085e-02
1.720144413411617279e-02
-3.724942728877067566e-02
2.554543502628803253e-02
-4.105263855308294296e-03
-6.898814439773559570e-02
9.001863189041614532e-03
4.702679067850112915e-02
-8.005316555500030518e-02
2.513110078871250153e-02
2.811019495129585266e-02
4.424674063920974731e-02
-4.981623589992523193e-02
3.458078205585479736e-02
2.274261787533760071e-02
6.709946785122156143e-03
-1.891122199594974518e-03
-1.065833680331707001e-02
6.180028989911079407e-02
1.320535596460103989e-02
3.720116987824440002e-02
7.043353468179702759e-02
-4.693300276994705200e-02
-1.923424005508422852e-02
-7.670413702726364136e-02
3.947024419903755188e-02
-6.514186412096023560e-02
4.163792356848716736e-02
2.048671804368495941e-02
-1.679563522338867188e-02
5.935168638825416565e-02
-1.387281436473131180e-02
-6.514135748147964478e-02
-7.429742068052291870e-02
2.594105666503310204e-03
-2.909442223608493805e-02
-4.026521369814872742e-02
-7.846737653017044067e-02
7.500056922435760498e-02
-6.856301799416542053e-03
-1.074150390923023224e-02
4.456793144345283508e-02
-5.942766740918159485e-02
-3.782447800040245056e-02
2.666443586349487305e-02
1.001919247210025787e-02
-7.578675448894500732e-02
2.817001566290855408e-02
8.055573701858520508e-02
-4.101356118917465210e-02
1.522639207541942596e-02
5.786977335810661316e-02
-6.083758547902107239e-02
5.199731513857841492e-02
-1.116348803043365479e-02
-4.435994848608970642e-02
6.545252352952957153e-02
7.269027829170227051e-02
-1.273184781894087791e-03
-5.160982534289360046e-02
-6.257126107811927795e-03
-5.363678559660911560e-02
4.219624400138854980e-02
-1.912227831780910492e-02
-7.533144950866699219e-02
-2.194405160844326019e-02
-3.101370483636856079e-02
3.736697509884834290e-02
3.897019848227500916e-02
-4.687114059925079346e-02
-4.658480733633041382e-02
2.086563967168331146e-02
-5.877461284399032593e-02
5.725650489330291748e-02
-5.146206915378570557e-02
-8.178784698247909546e-02
3.308001905679702759e-02
-2.211385034024715424e-02
1.051387842744588852e-02
3.135432675480842590e-02
-8.277131617069244385e-02
-7.524077594280242920e-02
6.095442548394203186e-02
-2.789529971778392792e-02
8.377173542976379395e-02
-1.584950089454650879e-02
-6.628733873367309570e-02
-3.956911154091358185e-03
-6.457197666168212891e-02
-6.207140628248453140e-03
-9.233080199919641018e-04
-5.140215903520584106e-02
-7.704618573188781738e-02
1.972434483468532562e-02
-5.695540457963943481e-02
-5.509842559695243835e-02
8.334675431251525879e-02
7.440056651830673218e-02
3.829388692975044250e-02
-8.433067798614501953e-02
-4.635925590991973877e-02
4.636140540242195129e-02
-7.084990385919809341e-03
4.043564200401306152e-02
1.613869145512580872e-02
8.150259964168071747e-03
-8.690223842859268188e-02
4.012722522020339966e-03
-2.609434537589550018e-02
4.436101019382476807e-02
-6.343437731266021729e-02
-3.898082533851265907e-03
-7.397132366895675659e-02
-7.068461179733276367e-02
7.920760661363601685e-02
-8.444028347730636597e-02
-8.786028623580932617e-02
2.880071103572845459e-02
5.926646757870912552e-03
-2.886760979890823364e-02
7.467308081686496735e-03
2.149419672787189484e-02
-1.369618717581033707e-02
7.979474216699600220e-02
3.728915005922317505e-02
1.642436347901821136e-02
8.498160541057586670e-02
-1.855734363198280334e-02
1.893925480544567108e-02
-4.728226363658905029e-02
4.696662351489067078e-02
-4.249498248100280762e-02
-4.875236377120018005e-02
-2.866241708397865295e-02
6.337780505418777466e-02
7.704652100801467896e-02
9.250557981431484222e-03
5.251399427652359009e-02
-9.592568676453083754e-05
-2.880863472819328308e-02
-1.738674379885196686e-02
-2.382271550595760345e-02
-1.759080961346626282e-02
1.693880744278430939e-02
4.061656072735786438e-02
-2.474191784858703613e-02
6.615450233221054077e-02
3.743835911154747009e-02
-4.755554348230361938e-02
-5.777268484234809875e-02
-2.377141267061233521e-02
4.336646199226379395e-02
-6.413672119379043579e-02
-3.851044923067092896e-02
-7.643900811672210693e-02
2.632003650069236755e-02
-8.451268821954727173e-02
-3.091580793261528015e-02
-5.050844699144363403e-02
6.686902791261672974e-02
1.207934971898794174e-02
-7.816542685031890869e-02
-8.655399084091186523e-02
-3.261649608612060547e-02
6.279674917459487915e-02
9.917584247887134552e-03
3.480454161763191223e-02
8.887762203812599182e-03
3.056283853948116302e-02
3.771640360355377197e-02
-3.400694113224744797e-03
-5.746645038016140461e-04
9.482515044510364532e-03
-4.492915049195289612e-02
-2.628117240965366364e-02
7.241494953632354736e-03
-1.287055201828479767e-02
-6.705975532531738281e-02
-5.012894421815872192e-02
1.619452610611915588e-02
-5.828310549259185791e-02
7.839976251125335693e-02
8.052361011505126953e-02
2.364340238273143768e-02
2.871408872306346893e-02
1.384419854730367661e-02
-1.915665902197360992e-02
-1.524313702248036861e-03
-1.150658354163169861e-02
1.166930142790079117e-02
-1.604993129149079323e-03
-2.396876551210880280e-02
-5.649591982364654541e-02
-5.221518129110336304e-02
-6.579966098070144653e-02
-7.369977235794067383e-02
-6.205986440181732178e-02
-7.067847996950149536e-02
-5.565141513943672180e-02
6.016161292791366577e-02
1.490127388387918472e-02
6.833319365978240967e-02
8.514031651429831982e-04
1.929699815809726715e-02
-2.165601961314678192e-02
-7.521013170480728149e-02
8.350562304258346558e-02
-1.171925221569836140e-03
-6.593073904514312744e-02
-5.353279784321784973e-02
-1.812476664781570435e-02
2.133938111364841461e-02
-7.480373233556747437e-02
7.687494158744812012e-02
4.791223909705877304e-03
-2.965090796351432800e-02
7.453965395689010620e-02
-6.858196109533309937e-02
-6.416767835617065430e-02
-4.118510056287050247e-03
-1.425046380609273911e-02
-6.141421571373939514e-02
-8.386866748332977295e-02
-4.997556284070014954e-02
6.182369217276573181e-02
-1.967012323439121246e-02
-6.080441549420356750e-02
1.193008664995431900e-02
4.469407722353935242e-02
-7.635872811079025269e-02
-7.976045459508895874e-02
-8.121896535158157349e-02
-3.815431892871856689e-02
-1.408469676971435547e-02
-1.375900954008102417e-02
1.940841320902109146e-03
-2.181218378245830536e-02
6.195662077516317368e-03
-4.019577428698539734e-02
-5.236610886640846729e-04
-1.932556182146072388e-02
-2.221633121371269226e-02
-1.872897334396839142e-02
7.557588070631027222e-02
-4.095457494258880615e-02
6.663538515567779541e-02
5.683301016688346863e-02
4.398036375641822815e-02
3.355234861373901367e-02
-7.660016417503356934e-02
1.446483843028545380e-02
4.973606392741203308e-02
2.986993454396724701e-02
3.724945709109306335e-02
3.301872685551643372e-02
-2.603544667363166809e-02
-4.378911107778549194e-03
1.079137530177831650e-02
4.010304063558578491e-02
-6.531471014022827148e-02
-1.945934444665908813e-02
8.290371298789978027e-02
-9.094658307731151581e-03
7.640603929758071899e-02
6.430343538522720337e-02
2.751720324158668518e-02
7.495341449975967407e-02
4.930314049124717712e-02
3.878235816955566406e-02
-7.812311500310897827e-02
-7.944744825363159180e-02
1.229084096848964691e-02
1.158942840993404388e-02
1.837031543254852295e-02
-5.024125427007675171e-02
-2.764889039099216461e-02
-8.352914452552795410e-02
4.906257614493370056e-02
8.709029853343963623e-02
1.575941219925880432e-02
2.589506469666957855e-02
-1.255172211676836014e-02
-2.730827312916517258e-03
-5.487160384654998779e-02
7.645449042320251465e-02
-6.818332523107528687e-02
-4.744125157594680786e-02
6.634891778230667114e-02
-2.658477798104286194e-02
-2.325158379971981049e-02
-1.418109796941280365e-02
3.783566877245903015e-02
2.152547985315322876e-02
-5.721259862184524536e-02
8.540453016757965088e-02
3.491970524191856384e-02
6.194981932640075684e-02
5.131774116307497025e-03
3.580316901206970215e-02
5.641895812004804611e-03
-2.154267579317092896e-02
7.374802976846694946e-02
-2.102605067193508148e-02
