9.043663144111633301e-01
1.051046252250671387e+00
1.030339598655700684e+00
9.880513548851013184e-01
9.467588663101196289e-01
1.201545238494873047e+00
1.025379300117492676e+00
9.890396595001220703e-01
1.021296143531799316e+00
1.049683213233947754e+00
8.640152812004089355e-01
1.000640273094177246e+00
1.120464920997619629e+00
1.053400874137878418e+00
8.829373121261596680e-01
9.708167910575866699e-01
9.870015382766723633e-01
8.789780735969543457e-01
1.002256155014038086e+00
1.278091669082641602e+00
1.157007575035095215e+00
7.833763360977172852e-01
1.003554105758666992e+00
1.043294548988342285e+00
8.082895278930664062e-01
1.086652517318725586e+00
1.013209104537963867e+00
1.048028826713562012e+00
8.862974047660827637e-01
1.140048384666442871e+00
9.355576038360595703e-01
1.031459093093872070e+00
9.587708115577697754e-01
1.028293013572692871e+00
1.048002719879150391e+00
9.710497856140136719e-01
8.562398552894592285e-01
1.120100617408752441e+00
9.794084429740905762e-01
1.027048349380493164e+00
1.118012666702270508e+00
1.085871458053588867e+00
9.170827865600585938e-01
9.949163198471069336e-01
1.083132863044738770e+00
1.112110853195190430e+00
8.858796954154968262e-01
8.518031239509582520e-01
9.048918485641479492e-01
8.632894158363342285e-01
9.085695743560791016e-01
1.086403250694274902e+00
8.379902243614196777e-01
8.604128956794738770e-01
1.006110429763793945e+00
1.039916276931762695e+00
1.060552000999450684e+00
1.016735315322875977e+00
8.511039018630981445e-01
9.920182824134826660e-01
9.511284232139587402e-01
9.264795780181884766e-01
1.099967598915100098e+00
1.113222002983093262e+00
