1.070041418075561523e+00
9.467351436614990234e-01
8.920787572860717773e-01
1.130632162094116211e+00
9.690250754356384277e-01
9.015218615531921387e-01
1.032185435295104980e+00
9.231951832771301270e-01
9.738410115242004395e-01
1.022855758666992188e+00
9.724734425544738770e-01
1.117486119270324707e+00
1.066134452819824219e+00
1.080109477043151855e+00
1.027399659156799316e+00
9.562993645668029785e-01
9.018856883049011230e-01
1.013037443161010742e+00
1.119782805442810059e+00
9.532686471939086914e-01
9.104887247085571289e-01
1.028113007545471191e+00
1.003246784210205078e+00
9.180992245674133301e-01
1.019690036773681641e+00
9.257246851921081543e-01
1.029830336570739746e+00
9.711036086082458496e-01
9.935992360115051270e-01
1.031727313995361328e+00
9.108530879020690918e-01
8.512982130050659180e-01
1.145788788795471191e+00
9.384794235229492188e-01
9.994468688964843750e-01
1.010523319244384766e+00
1.096148133277893066e+00
1.024437427520751953e+00
1.059863328933715820e+00
1.032299637794494629e+00
9.193465709686279297e-01
9.991754293441772461e-01
8.904566764831542969e-01
9.820685982704162598e-01
1.036216855049133301e+00
1.005388259887695312e+00
9.906076192855834961e-01
8.825998902320861816e-01
9.566953778266906738e-01
9.859281778335571289e-01
9.188830852508544922e-01
1.120062232017517090e+00
9.834508299827575684e-01
1.059374570846557617e+00
9.973500967025756836e-01
1.060436606407165527e+00
1.099468946456909180e+00
1.059390187263488770e+00
9.933570623397827148e-01
9.979477524757385254e-01
9.146631956100463867e-01
1.009990811347961426e+00
1.026582241058349609e+00
1.020128846168518066e+00
9.364413022994995117e-01
1.053967118263244629e+00
9.811967611312866211e-01
9.519808292388916016e-01
1.039857506752014160e+00
9.214209318161010742e-01
9.783368706703186035e-01
1.041615843772888184e+00
9.321417212486267090e-01
1.020503878593444824e+00
9.980834722518920898e-01
1.171367764472961426e+00
9.694525003433227539e-01
1.043293714523315430e+00
1.018231034278869629e+00
9.623450040817260742e-01
9.661321640014648438e-01
9.720834493637084961e-01
1.001758813858032227e+00
9.915174841880798340e-01
9.274544119834899902e-01
9.255557060241699219e-01
1.037242531776428223e+00
9.923653006553649902e-01
1.015762567520141602e+00
1.033496499061584473e+00
1.032225966453552246e+00
9.209461808204650879e-01
1.118787884712219238e+00
9.239105582237243652e-01
1.061304569244384766e+00
1.082192778587341309e+00
9.305675029754638672e-01
9.567424058914184570e-01
9.240098595619201660e-01
9.475513100624084473e-01
9.102331995964050293e-01
1.133975744247436523e+00
9.918891787528991699e-01
9.949244260787963867e-01
1.040640473365783691e+00
1.137423515319824219e+00
9.920269250869750977e-01
1.029814243316650391e+00
9.641830921173095703e-01
8.952062129974365234e-01
9.561207890510559082e-01
1.023094415664672852e+00
9.627987146377563477e-01
9.795333743095397949e-01
1.171528339385986328e+00
9.344965815544128418e-01
1.061779737472534180e+00
1.128271818161010742e+00
1.008857727050781250e+00
8.620793819427490234e-01
9.511129260063171387e-01
9.110821485519409180e-01
9.906667470932006836e-01
1.080191493034362793e+00
1.034184694290161133e+00
9.310351610183715820e-01
1.119306206703186035e+00
9.061170816421508789e-01
