1.043289780616760254e+00
9.966008067131042480e-01
1.003477334976196289e+00
1.009852647781372070e+00
9.991856217384338379e-01
1.003687739372253418e+00
1.013318777084350586e+00
9.990755319595336914e-01
9.980078935623168945e-01
9.971237778663635254e-01
9.992137551307678223e-01
1.009537696838378906e+00
1.007949113845825195e+00
9.987531304359436035e-01
1.001547694206237793e+00
9.999771714210510254e-01
9.772734045982360840e-01
1.012693285942077637e+00
9.994066357612609863e-01
9.983994960784912109e-01
1.003663778305053711e+00
1.004635930061340332e+00
1.003538370132446289e+00
9.889735579490661621e-01
1.006243824958801270e+00
1.008154630661010742e+00
9.928977489471435547e-01
9.924928545951843262e-01
9.842461347579956055e-01
9.915876984596252441e-01
1.004539132118225098e+00
9.813500046730041504e-01
1.002965092658996582e+00
1.001428723335266113e+00
9.889069199562072754e-01
1.010402202606201172e+00
9.980509877204895020e-01
1.000289082527160645e+00
1.006675124168395996e+00
9.987559914588928223e-01
9.971899986267089844e-01
1.000276207923889160e+00
1.011977195739746094e+00
1.000652790069580078e+00
9.945333003997802734e-01
1.011626839637756348e+00
9.947032332420349121e-01
1.000200510025024414e+00
1.035701513290405273e+00
1.001090049743652344e+00
1.011298894882202148e+00
9.984099268913269043e-01
1.008037090301513672e+00
1.000840425491333008e+00
9.754275083541870117e-01
9.898590445518493652e-01
9.973955154418945312e-01
1.021216750144958496e+00
1.000648140907287598e+00
9.899064302444458008e-01
9.903233051300048828e-01
1.013500809669494629e+00
9.877594709396362305e-01
9.984597563743591309e-01
9.989483952522277832e-01
1.005912542343139648e+00
9.979013204574584961e-01
9.961532950401306152e-01
9.973897337913513184e-01
1.009294033050537109e+00
1.003240704536437988e+00
1.006168723106384277e+00
9.993106722831726074e-01
9.938201308250427246e-01
1.003263592720031738e+00
1.000168442726135254e+00
9.921006560325622559e-01
9.913051128387451172e-01
1.007728815078735352e+00
9.885523319244384766e-01
1.003641128540039062e+00
9.794028997421264648e-01
9.958288669586181641e-01
1.010567903518676758e+00
1.013933420181274414e+00
9.957928061485290527e-01
1.004494786262512207e+00
9.875371456146240234e-01
1.000613212585449219e+00
1.001105785369873047e+00
9.880497455596923828e-01
9.855391979217529297e-01
1.024451971054077148e+00
9.950935840606689453e-01
9.937751293182373047e-01
1.002255082130432129e+00
9.903612136840820312e-01
9.970415830612182617e-01
9.974949955940246582e-01
1.004475355148315430e+00
9.847139120101928711e-01
9.849760532379150391e-01
1.019781589508056641e+00
9.944674968719482422e-01
1.005218148231506348e+00
1.001330018043518066e+00
1.001679420471191406e+00
1.000138878822326660e+00
1.000378847122192383e+00
9.982700943946838379e-01
1.011690497398376465e+00
1.004359841346740723e+00
1.000408291816711426e+00
1.031258344650268555e+00
9.929220676422119141e-01
9.789597988128662109e-01
9.974032640457153320e-01
9.963317513465881348e-01
1.003615260124206543e+00
9.948085546493530273e-01
1.003486990928649902e+00
9.972533583641052246e-01
1.008308410644531250e+00
1.006155967712402344e+00
1.011459827423095703e+00
9.998363852500915527e-01
1.014123678207397461e+00
1.005424857139587402e+00
1.018165230751037598e+00
9.945784211158752441e-01
9.805538058280944824e-01
1.006207823753356934e+00
9.873750209808349609e-01
9.962618947029113770e-01
1.011400699615478516e+00
9.909769296646118164e-01
1.022350430488586426e+00
9.959494471549987793e-01
1.006668567657470703e+00
9.973226189613342285e-01
1.000665307044982910e+00
1.001843214035034180e+00
1.013388037681579590e+00
1.010449886322021484e+00
1.009805679321289062e+00
9.960433244705200195e-01
1.000975370407104492e+00
9.984558224678039551e-01
9.984224438667297363e-01
1.022399902343750000e+00
9.989059567451477051e-01
1.005640387535095215e+00
9.979389309883117676e-01
1.001243948936462402e+00
1.010169863700866699e+00
1.010367751121520996e+00
9.993371963500976562e-01
9.961276650428771973e-01
9.949913024902343750e-01
9.925457835197448730e-01
1.028317928314208984e+00
1.018027186393737793e+00
9.980311989784240723e-01
9.943348169326782227e-01
9.727517366409301758e-01
1.005224823951721191e+00
9.792829751968383789e-01
9.793263673782348633e-01
1.005503416061401367e+00
1.026246547698974609e+00
9.977854490280151367e-01
1.003153443336486816e+00
9.945710897445678711e-01
9.971453547477722168e-01
9.945449233055114746e-01
1.003861665725708008e+00
1.010901331901550293e+00
1.002351880073547363e+00
9.817864298820495605e-01
1.001674652099609375e+00
9.757483005523681641e-01
1.002221822738647461e+00
1.008481144905090332e+00
9.831094741821289062e-01
9.874914884567260742e-01
9.935091137886047363e-01
1.000470757484436035e+00
1.001933574676513672e+00
1.003609061241149902e+00
1.001164674758911133e+00
9.952387213706970215e-01
1.011404156684875488e+00
1.005887150764465332e+00
1.003555297851562500e+00
9.955008029937744141e-01
9.971953034400939941e-01
1.003868937492370605e+00
1.001873970031738281e+00
9.921422004699707031e-01
1.006398320198059082e+00
1.006356477737426758e+00
9.957278966903686523e-01
1.021358847618103027e+00
9.942828416824340820e-01
9.998241662979125977e-01
1.008924603462219238e+00
9.968590736389160156e-01
9.816085100173950195e-01
1.006192326545715332e+00
1.003499865531921387e+00
9.965615868568420410e-01
9.975719451904296875e-01
9.967556595802307129e-01
9.883658885955810547e-01
1.002712726593017578e+00
9.908287525177001953e-01
9.959650635719299316e-01
9.930694103240966797e-01
9.963865876197814941e-01
1.001038789749145508e+00
9.752762317657470703e-01
9.735221862792968750e-01
9.938610792160034180e-01
9.995596408843994141e-01
9.983623623847961426e-01
9.995929598808288574e-01
9.996355175971984863e-01
9.919865131378173828e-01
9.859293103218078613e-01
1.019535899162292480e+00
1.003778100013732910e+00
1.009600877761840820e+00
9.961184263229370117e-01
9.987153410911560059e-01
1.001975655555725098e+00
1.013593316078186035e+00
1.011034131050109863e+00
1.001067161560058594e+00
1.009121179580688477e+00
9.841806292533874512e-01
1.006299257278442383e+00
1.001600623130798340e+00
1.010883331298828125e+00
1.001561403274536133e+00
9.946777224540710449e-01
1.000090122222900391e+00
9.933195114135742188e-01
1.006333589553833008e+00
9.986293911933898926e-01
9.933786988258361816e-01
1.002946376800537109e+00
1.002333045005798340e+00
9.890577793121337891e-01
9.949960708618164062e-01
9.949365854263305664e-01
1.009760260581970215e+00
9.988853335380554199e-01
9.998117089271545410e-01
9.819085597991943359e-01
9.749808907508850098e-01
9.981786012649536133e-01
9.985297918319702148e-01
1.036275386810302734e+00
1.010796070098876953e+00
1.017176866531372070e+00
9.823291897773742676e-01
9.951942563056945801e-01
1.003490686416625977e+00
9.968306422233581543e-01
9.978678226470947266e-01
1.013301372528076172e+00
1.003756999969482422e+00
9.987794756889343262e-01
9.914554953575134277e-01
9.859795570373535156e-01
9.956042766571044922e-01
1.001163244247436523e+00
1.001693725585937500e+00
1.002566099166870117e+00
9.942117333412170410e-01
1.000637650489807129e+00
1.006606698036193848e+00
9.972862005233764648e-01
9.919925332069396973e-01
1.000392675399780273e+00
1.006073713302612305e+00
9.999615550041198730e-01
1.002141833305358887e+00
9.981634020805358887e-01
1.001089215278625488e+00
9.983704090118408203e-01
1.008588910102844238e+00
9.960104823112487793e-01
1.005794048309326172e+00
9.973134994506835938e-01
9.944254755973815918e-01
9.988445639610290527e-01
1.016011595726013184e+00
9.830381870269775391e-01
9.999138116836547852e-01
9.959322810173034668e-01
9.893702864646911621e-01
1.005641341209411621e+00
9.967788457870483398e-01
1.000281691551208496e+00
1.015186786651611328e+00
1.011522889137268066e+00
1.003141880035400391e+00
9.885218739509582520e-01
9.980437159538269043e-01
1.013876438140869141e+00
1.003375053405761719e+00
9.923789501190185547e-01
9.967011213302612305e-01
9.971198439598083496e-01
1.005393981933593750e+00
1.002953052520751953e+00
9.852817654609680176e-01
9.943981170654296875e-01
9.937027692794799805e-01
9.950621128082275391e-01
9.996563196182250977e-01
1.011142015457153320e+00
1.001386642456054688e+00
9.983231425285339355e-01
9.813761711120605469e-01
1.007589578628540039e+00
9.971538782119750977e-01
1.022087812423706055e+00
9.994300603866577148e-01
9.889668822288513184e-01
9.878555536270141602e-01
9.970628023147583008e-01
9.857429265975952148e-01
1.001526594161987305e+00
1.000351548194885254e+00
1.003906488418579102e+00
9.966490268707275391e-01
9.969231486320495605e-01
9.885963797569274902e-01
1.001394033432006836e+00
1.002368092536926270e+00
1.001096010208129883e+00
1.002779722213745117e+00
9.977504014968872070e-01
9.959989190101623535e-01
1.006937146186828613e+00
1.011848926544189453e+00
1.026179671287536621e+00
9.923094511032104492e-01
9.903011322021484375e-01
9.933641552925109863e-01
1.000318408012390137e+00
9.928409457206726074e-01
9.984583854675292969e-01
9.971330761909484863e-01
9.997714161872863770e-01
1.005453348159790039e+00
1.009386658668518066e+00
9.957154989242553711e-01
9.847773909568786621e-01
9.955294728279113770e-01
1.024534702301025391e+00
9.969115853309631348e-01
9.806128740310668945e-01
9.911766648292541504e-01
1.003465771675109863e+00
9.994155168533325195e-01
1.014930844306945801e+00
1.004797220230102539e+00
9.849588871002197266e-01
9.938365817070007324e-01
1.001312375068664551e+00
1.007611155509948730e+00
9.936802983283996582e-01
1.002166509628295898e+00
9.961031079292297363e-01
1.002737283706665039e+00
1.004922509193420410e+00
1.004855394363403320e+00
1.005774378776550293e+00
9.879908561706542969e-01
1.001245379447937012e+00
1.012151479721069336e+00
1.002479076385498047e+00
1.007543206214904785e+00
1.005359053611755371e+00
9.948616623878479004e-01
9.971851110458374023e-01
9.930590391159057617e-01
1.003162384033203125e+00
1.001696586608886719e+00
9.950497150421142578e-01
1.006455183029174805e+00
9.997106194496154785e-01
9.844406247138977051e-01
1.011966943740844727e+00
1.013339757919311523e+00
9.908135533332824707e-01
9.899837970733642578e-01
1.011630654335021973e+00
9.959004521369934082e-01
9.957800507545471191e-01
9.918906688690185547e-01
9.989873766899108887e-01
9.830290079116821289e-01
9.986351132392883301e-01
9.995748400688171387e-01
9.864022135734558105e-01
1.001259207725524902e+00
9.899441003799438477e-01
1.006914019584655762e+00
9.973908066749572754e-01
9.965505599975585938e-01
9.811601638793945312e-01
1.004934310913085938e+00
9.985373616218566895e-01
9.907543063163757324e-01
9.839025139808654785e-01
9.976322054862976074e-01
9.956691861152648926e-01
9.933286309242248535e-01
9.916050434112548828e-01
1.017069697380065918e+00
9.857149124145507812e-01
1.012172341346740723e+00
1.002701997756958008e+00
1.009544253349304199e+00
1.008791089057922363e+00
9.818590283393859863e-01
1.010349631309509277e+00
1.020069360733032227e+00
9.929028153419494629e-01
9.904265403747558594e-01
9.940559267997741699e-01
9.959594607353210449e-01
1.005257964134216309e+00
9.981920123100280762e-01
9.915796518325805664e-01
1.008080959320068359e+00
9.862025380134582520e-01
1.002834796905517578e+00
1.002473115921020508e+00
9.886631965637207031e-01
9.964745640754699707e-01
9.823845028877258301e-01
1.001783609390258789e+00
1.002554178237915039e+00
1.002053618431091309e+00
9.934377074241638184e-01
1.002047300338745117e+00
1.002048254013061523e+00
9.964602589607238770e-01
9.989459514617919922e-01
1.021376609802246094e+00
9.838534593582153320e-01
9.980782866477966309e-01
9.997268915176391602e-01
1.006494283676147461e+00
9.769778251647949219e-01
1.010229706764221191e+00
9.812629222869873047e-01
9.858034253120422363e-01
9.936887025833129883e-01
9.988107085227966309e-01
1.004026889801025391e+00
9.926133751869201660e-01
9.856724143028259277e-01
9.906506538391113281e-01
9.995749592781066895e-01
1.002022385597229004e+00
1.002753019332885742e+00
9.905307292938232422e-01
9.950898289680480957e-01
1.001761078834533691e+00
9.959735274314880371e-01
1.000139832496643066e+00
9.926940202713012695e-01
1.030331015586853027e+00
9.947949051856994629e-01
9.912094473838806152e-01
9.923379421234130859e-01
1.005771279335021973e+00
1.000231266021728516e+00
1.013013482093811035e+00
9.998446106910705566e-01
1.008847236633300781e+00
9.926773309707641602e-01
9.993640184402465820e-01
1.003659963607788086e+00
1.010740876197814941e+00
1.000315189361572266e+00
9.935025572776794434e-01
1.001040101051330566e+00
9.982632994651794434e-01
9.882259368896484375e-01
9.961929917335510254e-01
9.997145533561706543e-01
9.982150197029113770e-01
1.012781262397766113e+00
9.924269914627075195e-01
1.005793094635009766e+00
9.972549080848693848e-01
9.844712615013122559e-01
9.957157373428344727e-01
9.886922836303710938e-01
9.984166026115417480e-01
9.978864789009094238e-01
1.007960915565490723e+00
1.010978460311889648e+00
9.744410514831542969e-01
9.977961778640747070e-01
9.981870651245117188e-01
1.006482720375061035e+00
1.002329230308532715e+00
9.844999909400939941e-01
9.937169551849365234e-01
9.984907507896423340e-01
1.000750541687011719e+00
9.901143908500671387e-01
9.939718842506408691e-01
9.997460842132568359e-01
1.009667158126831055e+00
1.003832697868347168e+00
1.005236864089965820e+00
1.001573085784912109e+00
1.006903171539306641e+00
1.002159357070922852e+00
9.883958697319030762e-01
9.911802411079406738e-01
9.874017238616943359e-01
9.822818040847778320e-01
9.887859225273132324e-01
9.936680197715759277e-01
1.015519618988037109e+00
9.925625920295715332e-01
9.908208847045898438e-01
1.000954866409301758e+00
1.015279650688171387e+00
9.823621511459350586e-01
9.972363114356994629e-01
9.853270649909973145e-01
1.001082539558410645e+00
9.934980273246765137e-01
1.003242373466491699e+00
1.005605101585388184e+00
1.002095937728881836e+00
1.019127845764160156e+00
1.012482047080993652e+00
1.003493189811706543e+00
9.901074171066284180e-01
9.970642924308776855e-01
1.002306342124938965e+00
9.898974299430847168e-01
1.000478506088256836e+00
1.000695824623107910e+00
1.005359888076782227e+00
1.025170922279357910e+00
1.000133872032165527e+00
1.003357529640197754e+00
9.836845993995666504e-01
1.001648783683776855e+00
9.947052001953125000e-01
9.968233108520507812e-01
1.004728674888610840e+00
9.817535281181335449e-01
1.004310965538024902e+00
9.916293621063232422e-01
1.002095699310302734e+00
9.875409603118896484e-01
9.973378777503967285e-01
1.008879542350769043e+00
1.000987052917480469e+00
1.019172549247741699e+00
9.932371377944946289e-01
9.961505532264709473e-01
9.949787259101867676e-01
9.898017048835754395e-01
1.007597088813781738e+00
9.979243278503417969e-01
1.000698089599609375e+00
1.014255523681640625e+00
1.002885341644287109e+00
1.002880215644836426e+00
1.007928013801574707e+00
9.957807660102844238e-01
9.985914826393127441e-01
9.973300099372863770e-01
9.903426766395568848e-01
9.870888590812683105e-01
9.999480843544006348e-01
1.000110983848571777e+00
1.006942629814147949e+00
1.008349537849426270e+00
1.022270083427429199e+00
1.001064896583557129e+00
1.002560853958129883e+00
9.956039786338806152e-01
9.952228665351867676e-01
1.018419384956359863e+00
1.022983908653259277e+00
1.002760648727416992e+00
9.931969642639160156e-01
9.988078474998474121e-01
1.002866148948669434e+00
9.966853857040405273e-01
1.001411199569702148e+00
9.988314509391784668e-01
9.972507357597351074e-01
1.012039303779602051e+00
9.976046085357666016e-01
9.967614412307739258e-01
1.001956224441528320e+00
1.000858783721923828e+00
1.000735878944396973e+00
9.940552711486816406e-01
1.008423686027526855e+00
1.007634401321411133e+00
9.981347322463989258e-01
1.000317692756652832e+00
1.002511978149414062e+00
9.967248439788818359e-01
9.992466568946838379e-01
1.011670947074890137e+00
1.005785822868347168e+00
9.978910684585571289e-01
9.979581236839294434e-01
9.941655993461608887e-01
9.875964522361755371e-01
9.901361465454101562e-01
1.001189827919006348e+00
1.000103712081909180e+00
9.872182011604309082e-01
1.002755165100097656e+00
9.969773888587951660e-01
1.006322026252746582e+00
1.012571930885314941e+00
1.031811714172363281e+00
9.947674274444580078e-01
1.022426366806030273e+00
1.023260354995727539e+00
9.990153908729553223e-01
1.003590583801269531e+00
1.011713027954101562e+00
9.928059577941894531e-01
1.006510257720947266e+00
9.975060820579528809e-01
1.000945091247558594e+00
9.871433973312377930e-01
9.985577464103698730e-01
9.938704371452331543e-01
1.003729581832885742e+00
1.004652619361877441e+00
1.023571014404296875e+00
1.020006775856018066e+00
1.007409334182739258e+00
9.923572540283203125e-01
9.974442124366760254e-01
1.004192352294921875e+00
9.969085454940795898e-01
9.994596242904663086e-01
1.008744478225708008e+00
9.881044626235961914e-01
9.972532391548156738e-01
9.915130138397216797e-01
9.739359617233276367e-01
1.005072474479675293e+00
9.919426441192626953e-01
1.017403125762939453e+00
9.981475472450256348e-01
1.005051851272583008e+00
9.795889854431152344e-01
9.965625405311584473e-01
9.836360216140747070e-01
1.000924825668334961e+00
1.007375955581665039e+00
9.937376379966735840e-01
9.850030541419982910e-01
9.899128079414367676e-01
9.956916570663452148e-01
9.985630512237548828e-01
9.916868805885314941e-01
1.009469032287597656e+00
1.017804980278015137e+00
9.821626543998718262e-01
1.001298189163208008e+00
1.002846837043762207e+00
9.939979910850524902e-01
9.985766410827636719e-01
1.004038691520690918e+00
1.003553867340087891e+00
1.000562787055969238e+00
1.002111315727233887e+00
9.991831779479980469e-01
9.978322982788085938e-01
9.988871812820434570e-01
1.003090023994445801e+00
1.011761665344238281e+00
9.976657629013061523e-01
9.903578162193298340e-01
1.009138822555541992e+00
1.016157746315002441e+00
9.893178343772888184e-01
1.004976391792297363e+00
9.898312687873840332e-01
9.886819124221801758e-01
9.981666207313537598e-01
9.877288937568664551e-01
9.808737635612487793e-01
9.973953962326049805e-01
9.890359044075012207e-01
9.886897206306457520e-01
1.002804636955261230e+00
1.016173839569091797e+00
1.023410916328430176e+00
1.003020286560058594e+00
1.005435109138488770e+00
9.927393794059753418e-01
9.980138540267944336e-01
9.993207454681396484e-01
1.003451108932495117e+00
9.981244802474975586e-01
1.016524553298950195e+00
9.898077845573425293e-01
1.004166007041931152e+00
1.011326432228088379e+00
9.952992200851440430e-01
1.003030419349670410e+00
1.005637764930725098e+00
1.016683220863342285e+00
1.002202987670898438e+00
1.027561783790588379e+00
9.913553595542907715e-01
9.973449110984802246e-01
1.002226233482360840e+00
1.004937767982482910e+00
9.979627728462219238e-01
9.975795745849609375e-01
9.960065484046936035e-01
1.007976055145263672e+00
1.003606200218200684e+00
9.981420636177062988e-01
1.001338124275207520e+00
1.001111507415771484e+00
9.946553111076354980e-01
1.001641750335693359e+00
1.009618997573852539e+00
9.997448325157165527e-01
9.814598560333251953e-01
1.016287684440612793e+00
9.990974664688110352e-01
1.006888508796691895e+00
1.004838466644287109e+00
9.991474747657775879e-01
1.001486659049987793e+00
1.016697287559509277e+00
1.011465549468994141e+00
9.761389493942260742e-01
9.898931384086608887e-01
9.871789813041687012e-01
9.948143959045410156e-01
1.012118816375732422e+00
1.006680250167846680e+00
9.994683265686035156e-01
9.955875277519226074e-01
1.001153230667114258e+00
9.981876015663146973e-01
9.956890940666198730e-01
1.000767946243286133e+00
1.003234624862670898e+00
1.021087050437927246e+00
1.005549192428588867e+00
1.000288963317871094e+00
1.016451120376586914e+00
1.001171946525573730e+00
9.993437528610229492e-01
9.964758157730102539e-01
1.005838155746459961e+00
1.003105878829956055e+00
9.998706579208374023e-01
9.981424808502197266e-01
9.960136413574218750e-01
1.009957551956176758e+00
9.953380823135375977e-01
1.002864360809326172e+00
9.951581358909606934e-01
9.978318214416503906e-01
9.823890924453735352e-01
1.007021307945251465e+00
9.937655925750732422e-01
1.000198364257812500e+00
1.001681327819824219e+00
9.899694919586181641e-01
9.995069503784179688e-01
1.003272652626037598e+00
9.919935464859008789e-01
9.887313842773437500e-01
1.006518721580505371e+00
1.001914978027343750e+00
9.975045919418334961e-01
9.961804747581481934e-01
1.011166930198669434e+00
1.018025994300842285e+00
9.893055558204650879e-01
1.002129673957824707e+00
1.016036152839660645e+00
1.003569483757019043e+00
1.009157061576843262e+00
9.995151758193969727e-01
9.986405372619628906e-01
1.007057666778564453e+00
9.845429658889770508e-01
9.948071241378784180e-01
9.981892108917236328e-01
9.931023716926574707e-01
1.017131328582763672e+00
9.987892508506774902e-01
9.910504817962646484e-01
9.990392327308654785e-01
9.997468590736389160e-01
1.010907888412475586e+00
1.011709094047546387e+00
9.957594871520996094e-01
9.960426092147827148e-01
9.917876124382019043e-01
9.871808886528015137e-01
9.989139437675476074e-01
9.837905764579772949e-01
9.994469881057739258e-01
9.921391606330871582e-01
1.003454208374023438e+00
1.002545475959777832e+00
1.002854704856872559e+00
9.852565526962280273e-01
9.889298677444458008e-01
9.945396780967712402e-01
1.005553722381591797e+00
9.849933981895446777e-01
9.877728819847106934e-01
9.895000457763671875e-01
9.829313158988952637e-01
1.004345178604125977e+00
9.905903339385986328e-01
1.016827464103698730e+00
9.963119029998779297e-01
9.931126832962036133e-01
1.001551032066345215e+00
1.009395122528076172e+00
9.999651908874511719e-01
9.988999366760253906e-01
9.974073767662048340e-01
1.002814412117004395e+00
1.013515830039978027e+00
9.913517236709594727e-01
9.945367574691772461e-01
1.007028341293334961e+00
9.915586709976196289e-01
9.996742606163024902e-01
9.946094751358032227e-01
9.863227605819702148e-01
9.901633858680725098e-01
9.953368902206420898e-01
9.949465990066528320e-01
1.001311421394348145e+00
1.010528802871704102e+00
9.999754428863525391e-01
1.001173257827758789e+00
9.940784573554992676e-01
1.003049373626708984e+00
9.971740841865539551e-01
1.012208104133605957e+00
1.017043590545654297e+00
1.000668168067932129e+00
9.941048026084899902e-01
1.000675916671752930e+00
1.015893578529357910e+00
1.002627491950988770e+00
9.952182769775390625e-01
9.972587227821350098e-01
1.005113005638122559e+00
1.029513835906982422e+00
1.023270726203918457e+00
9.943386912345886230e-01
1.014674663543701172e+00
9.951878190040588379e-01
1.003199815750122070e+00
1.013959407806396484e+00
9.808124303817749023e-01
1.006406188011169434e+00
1.000563144683837891e+00
9.883806705474853516e-01
9.877393245697021484e-01
9.950749874114990234e-01
1.035279393196105957e+00
1.003643274307250977e+00
9.843850135803222656e-01
1.000720024108886719e+00
9.966423511505126953e-01
9.983949065208435059e-01
1.000716924667358398e+00
1.001288056373596191e+00
9.922515153884887695e-01
9.996235370635986328e-01
1.001485705375671387e+00
9.887074232101440430e-01
9.824277162551879883e-01
9.993502497673034668e-01
1.004343390464782715e+00
9.760583639144897461e-01
1.012858510017395020e+00
9.991135597229003906e-01
1.005102396011352539e+00
9.967249631881713867e-01
1.028388857841491699e+00
1.001591444015502930e+00
1.008995294570922852e+00
1.024361133575439453e+00
1.012762308120727539e+00
9.952413439750671387e-01
9.952070116996765137e-01
9.966509342193603516e-01
9.922013282775878906e-01
9.992111921310424805e-01
1.003776192665100098e+00
1.000276327133178711e+00
9.994969367980957031e-01
1.003555655479431152e+00
9.950816035270690918e-01
9.991303682327270508e-01
9.880085587501525879e-01
1.009807348251342773e+00
9.925345182418823242e-01
9.930946826934814453e-01
9.935483336448669434e-01
9.997392296791076660e-01
9.961740374565124512e-01
9.922677278518676758e-01
9.948190450668334961e-01
9.902366399765014648e-01
9.984208941459655762e-01
1.021698832511901855e+00
1.000860214233398438e+00
1.004148840904235840e+00
1.001914024353027344e+00
1.004950284957885742e+00
9.921935200691223145e-01
1.008766531944274902e+00
9.961332082748413086e-01
9.831768274307250977e-01
1.003004431724548340e+00
1.004031062126159668e+00
9.917544722557067871e-01
1.013587713241577148e+00
9.957531094551086426e-01
1.007694840431213379e+00
9.992938637733459473e-01
1.009732007980346680e+00
9.966655373573303223e-01
9.980217218399047852e-01
9.751573801040649414e-01
9.991652965545654297e-01
1.004893183708190918e+00
1.001743316650390625e+00
1.004183530807495117e+00
1.027189016342163086e+00
9.967966675758361816e-01
1.003861308097839355e+00
1.012973666191101074e+00
1.006888270378112793e+00
9.913207888603210449e-01
9.988410472869873047e-01
9.787529110908508301e-01
1.007791399955749512e+00
1.021897196769714355e+00
1.003489971160888672e+00
1.019328594207763672e+00
1.003148913383483887e+00
1.029536604881286621e+00
1.001353979110717773e+00
9.904621243476867676e-01
9.965947866439819336e-01
1.004963874816894531e+00
1.003001689910888672e+00
1.006808280944824219e+00
1.000163197517395020e+00
9.999145865440368652e-01
1.000145196914672852e+00
9.970743060111999512e-01
1.017550706863403320e+00
9.988171458244323730e-01
9.882186651229858398e-01
9.908913969993591309e-01
9.942635297775268555e-01
1.000154137611389160e+00
1.000436663627624512e+00
1.002845048904418945e+00
9.880877137184143066e-01
9.932096600532531738e-01
1.007919311523437500e+00
1.002203822135925293e+00
1.003588080406188965e+00
9.927830696105957031e-01
1.001024723052978516e+00
1.005183100700378418e+00
9.970793128013610840e-01
1.001172542572021484e+00
9.971200227737426758e-01
9.973481297492980957e-01
9.964391589164733887e-01
1.041006803512573242e+00
1.008201718330383301e+00
9.974276423454284668e-01
9.960840940475463867e-01
1.001962065696716309e+00
1.000542998313903809e+00
9.982931613922119141e-01
9.984446763992309570e-01
1.010486125946044922e+00
1.010002255439758301e+00
9.980092048645019531e-01
9.991348385810852051e-01
9.947324395179748535e-01
1.003153681755065918e+00
1.000316739082336426e+00
