-3.317131996154785156e+00
-4.010897159576416016e+00
8.233491897583007812e+00
1.075830340385437012e+00
6.443446636199951172e+00
4.425929546356201172e+00
3.940217971801757812e+00
-4.718411445617675781e+00
-7.006905555725097656e+00
-9.393980503082275391e-01
6.494458675384521484e+00
-4.898676872253417969e+00
-2.961984634399414062e+00
-4.592790603637695312e+00
5.422489166259765625e+00
-1.938819289207458496e+00
-2.020657062530517578e-01
5.590293884277343750e+00
9.395734786987304688e+00
6.881792068481445312e+00
4.092981815338134766e+00
-2.310246944427490234e+00
4.534889698028564453e+00
-4.715371608734130859e+00
5.806011676788330078e+00
4.654223442077636719e+00
-4.394781112670898438e+00
-6.570300102233886719e+00
-9.599553108215332031e+00
4.555337429046630859e+00
1.247052669525146484e+01
1.077757358551025391e+00
5.579457759857177734e+00
1.122553586959838867e+00
6.430699825286865234e+00
5.030873298645019531e+00
-7.709401607513427734e+00
9.919705390930175781e+00
4.274087905883789062e+00
-3.899410247802734375e+00
3.813883066177368164e+00
3.136013984680175781e+00
1.586066484451293945e+00
-9.681554794311523438e+00
4.138769149780273438e+00
2.487069129943847656e+00
4.085835814476013184e-01
-4.179567813873291016e+00
3.541177272796630859e+00
1.409570336341857910e+00
4.083265304565429688e+00
3.691475391387939453e+00
-3.717728853225708008e-01
1.277903616428375244e-01
6.212780997157096863e-02
3.953526496887207031e+00
4.741160869598388672e+00
-3.508586645126342773e+00
4.125443458557128906e+00
4.322284221649169922e+00
-5.167010307312011719e+00
3.537740707397460938e+00
2.949766397476196289e+00
-2.539107799530029297e+00
3.540858030319213867e+00
7.960153579711914062e+00
-3.491956949234008789e+00
3.050320386886596680e+00
4.936399936676025391e+00
4.592153549194335938e+00
6.574973106384277344e+00
-5.159984588623046875e+00
3.677376747131347656e+00
2.365247964859008789e+00
-9.768435478210449219e+00
9.926008582115173340e-01
4.643948554992675781e+00
-6.348134994506835938e+00
-3.481689453125000000e+00
3.018179893493652344e+00
7.453451633453369141e+00
2.782635927200317383e+00
2.320338726043701172e+00
3.172171115875244141e+00
4.691380560398101807e-01
-4.789556980133056641e+00
4.663832664489746094e+00
5.316974639892578125e+00
5.928206443786621094e+00
4.483145713806152344e+00
6.254143238067626953e+00
-6.269320011138916016e+00
9.200917243957519531e+00
5.511702537536621094e+00
1.192626380920410156e+01
-1.296799063682556152e+00
-3.754068136215209961e+00
4.841875553131103516e+00
-6.017561435699462891e+00
-1.331464797258377075e-01
7.105531692504882812e+00
6.841690063476562500e+00
-6.863837718963623047e+00
5.710944652557373047e+00
2.048500537872314453e+00
-9.329463005065917969e+00
-2.085761785507202148e+00
4.442637443542480469e+00
2.578272819519042969e+00
2.207643032073974609e+00
4.685245037078857422e+00
-4.584637165069580078e+00
6.959181785583496094e+00
6.895835399627685547e+00
1.685650467872619629e+00
-1.089540958404541016e+00
2.515652418136596680e+00
6.513816356658935547e+00
-4.849400520324707031e+00
4.834295749664306641e+00
-3.529951572418212891e+00
9.162742614746093750e+00
-3.520350456237792969e+00
8.165233612060546875e+00
2.494540214538574219e+00
-3.531544685363769531e+00
-2.953495502471923828e+00
1.849269270896911621e+00
5.023138523101806641e+00
4.177837848663330078e+00
3.283749580383300781e+00
-1.719527125358581543e+00
-2.989018678665161133e+00
-3.214875221252441406e+00
9.752689361572265625e+00
2.339312791824340820e+00
1.105847358703613281e+01
5.357831478118896484e+00
-2.457060575485229492e+00
2.037239456176757812e+01
-3.959604263305664062e+00
4.014667987823486328e+00
-1.018146705627441406e+01
-3.595299959182739258e+00
-7.124763965606689453e+00
-2.245990037918090820e+00
-2.869362354278564453e+00
1.995955467224121094e+00
4.345331668853759766e+00
4.166803836822509766e+00
4.781096458435058594e+00
4.496081829071044922e+00
4.254311561584472656e+00
-4.882489681243896484e+00
8.038228988647460938e+00
2.309841871261596680e+00
1.753632277250289917e-01
3.081974267959594727e+00
-8.438901901245117188e-01
2.457312822341918945e+00
-7.069052219390869141e+00
1.085927486419677734e+00
-3.850797176361083984e+00
7.608434677124023438e+00
4.626726627349853516e+00
5.319535732269287109e+00
-1.790116310119628906e+00
-1.347335696220397949e+00
6.043656826019287109e+00
9.738886833190917969e+00
9.512799382209777832e-01
3.769738674163818359e+00
3.587892770767211914e+00
3.200977325439453125e+00
-3.095426857471466064e-01
-1.268344163894653320e+00
7.208236694335937500e+00
2.776751756668090820e+00
3.587311267852783203e+00
5.964109897613525391e+00
6.560370445251464844e+00
6.031616687774658203e+00
2.933574199676513672e+00
4.652284145355224609e+00
4.190532684326171875e+00
5.645986557006835938e+00
7.486283302307128906e+00
-4.488002777099609375e+00
4.168365001678466797e+00
4.027307033538818359e+00
3.575831174850463867e+00
9.467078208923339844e+00
4.671843051910400391e+00
-6.770119190216064453e+00
1.846123933792114258e+00
5.765674114227294922e+00
6.234297156333923340e-01
1.199626541137695312e+01
-5.723755836486816406e+00
-5.958234667778015137e-01
1.338349628448486328e+01
4.155454635620117188e+00
-1.628916144371032715e+00
-1.384626293182373047e+01
-1.037205600738525391e+01
1.229421615600585938e+00
-4.878281593322753906e+00
6.166294574737548828e+00
3.274383544921875000e-01
2.823319911956787109e+00
6.254626750946044922e+00
4.448392868041992188e+00
5.821509838104248047e+00
3.647900104522705078e+00
7.303149700164794922e+00
1.110658836364746094e+01
4.212086677551269531e+00
2.968337535858154297e+00
2.149416446685791016e+00
-5.881025314331054688e+00
-3.557117223739624023e+00
-3.597364187240600586e+00
-1.087369561195373535e+00
-2.034747505187988281e+01
4.935101032257080078e+00
2.753390550613403320e+00
5.138654708862304688e+00
1.477687835693359375e+00
4.050707340240478516e+00
6.005867481231689453e+00
3.910501241683959961e+00
4.227435111999511719e+00
7.400419235229492188e+00
-3.840869903564453125e+00
1.248315811157226562e+00
-6.618086338043212891e+00
7.647945404052734375e+00
-4.417850494384765625e+00
2.529965400695800781e+00
1.932200551033020020e+00
-4.283413887023925781e+00
3.621224164962768555e+00
3.655192136764526367e+00
6.700424194335937500e+00
7.814229011535644531e+00
5.749213218688964844e+00
-2.030141115188598633e+00
2.099544048309326172e+00
6.339104652404785156e+00
2.741601943969726562e+00
3.143882989883422852e+00
-6.078740358352661133e-01
-4.806585311889648438e+00
5.026113986968994141e+00
5.155716419219970703e+00
6.337912559509277344e+00
-1.033195495605468750e+00
-7.995834350585937500e+00
3.485342741012573242e+00
2.468327522277832031e+00
5.307734966278076172e+00
2.157594442367553711e+00
-2.709194898605346680e+00
1.187920689582824707e+00
-3.925470113754272461e+00
7.552562236785888672e+00
2.155950307846069336e+00
2.305293321609497070e+00
3.361835956573486328e+00
7.801242351531982422e+00
3.899567604064941406e+00
-8.694121360778808594e+00
4.455882072448730469e+00
-7.495168209075927734e+00
-1.358299493789672852e+00
9.070515632629394531e+00
3.262731313705444336e+00
5.102431774139404297e+00
6.398386001586914062e+00
-4.999508380889892578e+00
4.173656940460205078e+00
4.216531276702880859e+00
6.686971783638000488e-01
6.646504402160644531e+00
1.032157611846923828e+01
4.363555431365966797e+00
4.094834327697753906e+00
6.907182693481445312e+00
1.427329254150390625e+01
-7.974614620208740234e+00
-3.922657728195190430e+00
7.216972827911376953e+00
9.731103777885437012e-01
8.120649337768554688e+00
7.024259090423583984e+00
7.630003929138183594e+00
2.336106538772583008e+00
2.545966863632202148e+00
4.549028396606445312e+00
1.768262624740600586e+00
6.090198516845703125e+00
3.977318525314331055e+00
-4.135838985443115234e+00
3.961676836013793945e+00
2.484004259109497070e+00
-4.966724872589111328e+00
2.239514827728271484e+00
5.487456321716308594e+00
5.915160655975341797e+00
7.513981461524963379e-01
3.511680364608764648e+00
7.259473323822021484e+00
1.103339099884033203e+01
-7.108755588531494141e+00
8.312084197998046875e+00
2.816899865865707397e-02
7.480579376220703125e+00
2.756318330764770508e+00
-6.309030055999755859e+00
4.830916404724121094e+00
9.662358283996582031e+00
5.817451953887939453e+00
5.871717929840087891e+00
3.879883050918579102e+00
2.933482170104980469e+00
2.683665752410888672e+00
3.355808258056640625e+00
8.986902236938476562e+00
5.266056060791015625e+00
5.819067001342773438e+00
-2.540188312530517578e+00
-4.252320289611816406e+00
-1.167123317718505859e+00
4.578734874725341797e+00
7.551377296447753906e+00
4.465561866760253906e+00
1.103863811492919922e+01
2.600056409835815430e+00
7.621524333953857422e+00
-4.736715793609619141e+00
4.844120502471923828e+00
1.030084609985351562e+01
-1.275862216949462891e+01
-5.691277503967285156e+00
4.151223659515380859e+00
-4.438029289245605469e+00
3.075340270996093750e+00
3.903220415115356445e+00
-4.006447315216064453e+00
2.776187419891357422e+00
9.610795974731445312e+00
1.228670787811279297e+01
4.310997009277343750e+00
6.057730674743652344e+00
-7.128048419952392578e+00
2.381625175476074219e+00
7.685040950775146484e+00
4.023818969726562500e+00
3.976883649826049805e+00
-7.746716499328613281e+00
-3.057476520538330078e+00
-3.873486042022705078e+00
-1.402418911457061768e-01
7.119748592376708984e+00
3.012995481491088867e+00
3.002434492111206055e+00
1.221736550331115723e+00
6.453311920166015625e+00
9.384740829467773438e+00
-6.400299072265625000e+00
-4.138264656066894531e+00
4.027958214282989502e-02
1.714082002639770508e+00
8.739505767822265625e+00
-1.155220985412597656e+00
-1.484289288520812988e+00
3.844377398490905762e-01
-4.974081039428710938e+00
1.003755092620849609e+01
5.414288520812988281e+00
1.090036034584045410e+00
-3.620574474334716797e+00
2.903957843780517578e+00
-2.982613563537597656e+00
1.109992790222167969e+01
-6.657745361328125000e+00
-3.208144664764404297e+00
6.165950298309326172e+00
-7.099253177642822266e+00
-3.580676317214965820e+00
1.913322329521179199e+00
9.609640121459960938e+00
-5.085374832153320312e+00
6.438935756683349609e+00
4.660554409027099609e+00
-7.781581401824951172e+00
6.603170394897460938e+00
2.810742616653442383e+00
-4.751339435577392578e+00
1.687321543693542480e+00
-5.198561191558837891e+00
-7.341862201690673828e+00
-1.652114510536193848e+00
3.222877740859985352e+00
-6.636161327362060547e+00
1.015007591247558594e+01
5.391024589538574219e+00
-3.414252996444702148e+00
-3.373940944671630859e+00
2.128359794616699219e+00
-2.972020864486694336e+00
-5.772600650787353516e+00
8.614858627319335938e+00
9.873391151428222656e+00
-7.393386840820312500e+00
1.695786267518997192e-01
-3.204489231109619141e+00
-2.694102287292480469e+00
7.512242317199707031e+00
7.937210559844970703e+00
3.761873722076416016e+00
1.177392244338989258e+00
1.178166103363037109e+01
4.706534385681152344e+00
4.475203037261962891e+00
-1.178376078605651855e+00
3.173879146575927734e+00
1.216311931610107422e+01
8.401850461959838867e-01
1.052749156951904297e+01
-3.550398588180541992e+00
8.048236846923828125e+00
-1.534354925155639648e+00
5.462036609649658203e+00
-7.983113288879394531e+00
-1.522303009033203125e+01
7.384114265441894531e+00
1.438432216644287109e+00
7.032244682312011719e+00
4.564714431762695312e+00
-2.196407556533813477e+00
8.217359542846679688e+00
3.836134910583496094e+00
3.091050386428833008e+00
-1.040980052947998047e+01
5.169177055358886719e+00
7.186014175415039062e+00
1.932068586349487305e+00
-4.067910194396972656e+00
7.314892292022705078e+00
-7.554754614830017090e-01
-5.120341777801513672e+00
2.375623941421508789e+00
1.385859847068786621e+00
6.727118968963623047e+00
-4.689832210540771484e+00
1.584046006202697754e+00
7.768780708312988281e+00
4.536730766296386719e+00
3.715564727783203125e+00
2.511266469955444336e+00
4.770909309387207031e+00
3.830387830734252930e+00
7.625492095947265625e+00
1.695910990238189697e-01
1.294134616851806641e+01
-1.475150942802429199e+00
5.294890403747558594e+00
3.953562498092651367e+00
4.289259433746337891e+00
4.860738217830657959e-01
-1.393367195129394531e+01
8.681808710098266602e-01
1.276661634445190430e+00
8.632893860340118408e-02
4.228852748870849609e+00
4.456484317779541016e+00
1.649361610412597656e+00
-5.582922935485839844e+00
1.841441273689270020e+00
4.955303668975830078e+00
-4.997738838195800781e+00
8.419784545898437500e+00
6.122872352600097656e+00
7.237158775329589844e+00
-6.510708481073379517e-03
-1.728966116905212402e+00
-1.417924976348876953e+01
-1.007534694671630859e+01
1.163201522827148438e+01
5.943841457366943359e+00
-7.532122135162353516e+00
2.962359666824340820e+00
2.947656869888305664e+00
1.219339132308959961e+00
-3.793800354003906250e+00
2.539209365844726562e+00
3.631947517395019531e+00
-5.482803344726562500e+00
-1.263961553573608398e+00
3.151284217834472656e+00
-2.598563194274902344e+00
1.087606525421142578e+01
6.910798549652099609e+00
-4.514720439910888672e+00
7.338055133819580078e+00
4.410230636596679688e+00
2.936038970947265625e+00
-2.076800107955932617e+00
6.498470783233642578e+00
-1.946155309677124023e+00
2.013192653656005859e+00
