-3.207293525338172913e-02
-2.535920590162277222e-02
-6.650709081441164017e-03
1.438965499401092529e-01
2.496983297169208527e-02
-3.133525699377059937e-02
3.602548316121101379e-02
1.626162044703960419e-02
-5.983604583889245987e-03
9.390624240040779114e-03
4.956237599253654480e-02
1.452331095933914185e-01
4.181362316012382507e-02
3.015038929879665375e-02
7.252725958824157715e-02
-2.470908686518669128e-02
-4.837336391210556030e-02
9.176832437515258789e-02
1.624560654163360596e-01
9.899535216391086578e-03
-2.023346163332462311e-02
5.616883188486099243e-02
9.922160208225250244e-02
3.425062447786331177e-02
-9.689236991107463837e-03
4.572027176618576050e-02
2.245105057954788208e-02
9.225487709045410156e-03
2.615388075355440378e-05
6.720490753650665283e-02
-7.945203781127929688e-02
4.411724582314491272e-02
1.477206796407699585e-01
-2.248791977763175964e-02
1.000274159014225006e-02
4.937192797660827637e-02
1.405902057886123657e-01
1.086661443114280701e-01
4.460462555289268494e-02
8.376015722751617432e-02
4.140399023890495300e-02
-2.554481104016304016e-02
-5.411562696099281311e-02
3.538463637232780457e-02
-2.225858718156814575e-02
4.309235513210296631e-02
8.910036087036132812e-02
-5.908013507723808289e-02
7.540720701217651367e-02
8.942476660013198853e-02
6.139061227440834045e-02
5.351439863443374634e-02
-8.326556533575057983e-02
-1.973443329334259033e-01
-1.143408939242362976e-01
1.147229149937629700e-01
-2.718964219093322754e-02
4.936097562313079834e-02
-6.697604060173034668e-02
1.844300888478755951e-02
1.559104304760694504e-02
5.554186552762985229e-02
6.727948784828186035e-02
1.584749855101108551e-02
-3.739444166421890259e-02
2.038289420306682587e-02
7.032053917646408081e-02
-1.416051574051380157e-02
8.341854810714721680e-02
-3.229824453592300415e-02
1.269138045608997345e-02
-1.023748591542243958e-01
-6.742881983518600464e-02
-3.690363839268684387e-02
3.414044901728630066e-02
9.044477343559265137e-02
-2.203998900949954987e-02
6.129941716790199280e-02
1.006672382354736328e-01
3.830263391137123108e-02
-3.780463337898254395e-02
-6.750461459159851074e-02
-2.947500906884670258e-02
5.608343984931707382e-03
-9.320490062236785889e-02
7.102620787918567657e-03
-4.975531622767448425e-02
7.046911120414733887e-02
3.194938227534294128e-02
-1.468432694673538208e-02
6.612259149551391602e-02
5.382658541202545166e-02
9.516321867704391479e-02
-1.341557353734970093e-01
2.146297544240951538e-01
-9.943274781107902527e-03
-4.334448650479316711e-02
-5.956534296274185181e-03
-9.249923168681561947e-04
-7.194626331329345703e-02
4.135522991418838501e-02
3.947714716196060181e-02
-4.295928031206130981e-02
-2.397148497402667999e-02
3.126021847128868103e-02
1.388975679874420166e-01
2.429702877998352051e-02
3.166021034121513367e-02
-8.356792479753494263e-02
-2.948268875479698181e-02
-2.846728265285491943e-02
3.278309106826782227e-02
5.575343966484069824e-03
-1.364971697330474854e-02
1.722806543111801147e-01
2.753063663840293884e-02
3.095671720802783966e-02
1.372104585170745850e-01
3.195757279172539711e-03
-1.133255288004875183e-02
1.631586626172065735e-02
-1.070958599448204041e-01
1.183633971959352493e-02
3.870652243494987488e-02
5.160618573427200317e-02
-5.610259622335433960e-02
-4.294063895940780640e-03
4.529040306806564331e-02
