3.966805040836334229e-01
9.548666328191757202e-02
5.322907567024230957e-01
4.035284221172332764e-01
1.321806013584136963e-01
6.341485381126403809e-01
5.446895956993103027e-01
1.218544021248817444e-01
4.756926000118255615e-01
1.951568871736526489e-01
4.669707119464874268e-01
6.280435323715209961e-01
7.731934636831283569e-02
2.150057256221771240e-01
5.935013294219970703e-01
2.836012542247772217e-01
8.383664488792419434e-02
2.900905609130859375e-01
3.853556513786315918e-01
5.826346874237060547e-01
1.001691073179244995e-01
2.041148394346237183e-01
4.649465084075927734e-01
7.341673970222473145e-02
4.097065329551696777e-01
4.579604864120483398e-01
1.610513776540756226e-01
7.273631542921066284e-02
5.865585207939147949e-01
2.139881551265716553e-01
6.699366867542266846e-02
1.050596460700035095e-01
4.830623567104339600e-01
2.135252505540847778e-01
2.677068412303924561e-01
5.402481555938720703e-01
6.909001618623733521e-02
1.509788930416107178e-01
4.991724193096160889e-01
4.354660809040069580e-01
2.543473243713378906e-01
2.644723355770111084e-01
6.713224649429321289e-01
1.207628473639488220e-01
1.433061808347702026e-01
1.351369917392730713e-01
1.594051718711853027e-01
1.240653321146965027e-01
2.382291108369827271e-01
4.931357502937316895e-01
2.788822054862976074e-01
4.206794202327728271e-01
9.943848103284835815e-02
1.103718057274818420e-01
1.188856065273284912e-01
2.182308286428451538e-01
3.780931234359741211e-01
4.321579933166503906e-01
4.128296375274658203e-01
8.330980688333511353e-02
8.515120297670364380e-02
1.781819462776184082e-01
5.360461473464965820e-01
4.521754980087280273e-01
7.071174383163452148e-01
5.876916646957397461e-01
5.573232769966125488e-01
1.617731899023056030e-01
5.515206456184387207e-01
6.263757944107055664e-01
1.451881974935531616e-01
1.922411620616912842e-01
2.781567871570587158e-01
1.358881294727325439e-01
2.202461659908294678e-01
4.779570102691650391e-01
5.802103281021118164e-01
2.083979547023773193e-01
3.455546796321868896e-01
8.396494388580322266e-02
1.046322882175445557e-01
2.958057522773742676e-01
1.239384561777114868e-01
6.361091881990432739e-02
3.612849116325378418e-01
3.791444003582000732e-01
1.464814543724060059e-01
1.921213865280151367e-01
2.228796333074569702e-01
2.809532582759857178e-01
2.884476780891418457e-01
1.642818152904510498e-01
2.738705575466156006e-01
3.106414973735809326e-01
5.952508449554443359e-01
6.510181427001953125e-01
1.552080363035202026e-01
6.382210850715637207e-01
2.887761294841766357e-01
9.154706001281738281e-01
9.109919518232345581e-02
3.788184225559234619e-01
7.994489073753356934e-01
1.677377223968505859e-01
2.350257784128189087e-01
4.896228611469268799e-01
3.965300321578979492e-01
5.774174928665161133e-01
3.624345362186431885e-01
1.735415458679199219e-01
3.842439055442810059e-01
5.350875258445739746e-01
1.586584001779556274e-01
1.949409693479537964e-01
6.829776614904403687e-02
3.870546519756317139e-01
4.707377254962921143e-01
4.225884377956390381e-01
4.017409682273864746e-01
6.729740500450134277e-01
2.656498253345489502e-01
2.272340804338455200e-01
4.865084215998649597e-02
5.674647092819213867e-01
1.235543414950370789e-01
2.812663018703460693e-01
2.177431881427764893e-01
4.504565298557281494e-01
5.594943761825561523e-01
1.206416338682174683e-01
4.194205105304718018e-01
6.386670470237731934e-02
1.406328529119491577e-01
3.481582105159759521e-01
1.412254869937896729e-01
1.317240446805953979e-01
3.316220641136169434e-01
1.879681199789047241e-01
4.018949568271636963e-01
1.413899362087249756e-01
4.774149954319000244e-01
3.646464645862579346e-01
7.127252966165542603e-02
2.597285509109497070e-01
5.790124461054801941e-02
4.411771297454833984e-01
5.956484079360961914e-01
3.879287838935852051e-01
1.309085637331008911e-01
1.493044197559356689e-01
2.626935541629791260e-01
3.414779305458068848e-01
1.860557347536087036e-01
2.634882926940917969e-01
2.691724300384521484e-01
6.297644972801208496e-01
8.552479743957519531e-02
3.895210325717926025e-01
4.850208163261413574e-01
1.113643795251846313e-01
4.028833806514739990e-01
2.704994082450866699e-01
2.242047488689422607e-01
7.627226412296295166e-02
2.781200706958770752e-01
3.690726459026336670e-01
4.353867769241333008e-01
8.680889755487442017e-02
4.043180942535400391e-01
1.921739578247070312e-01
2.592028081417083740e-01
1.052854135632514954e-01
3.044006824493408203e-01
2.427370250225067139e-01
1.984578520059585571e-01
4.946410059928894043e-01
5.214869603514671326e-02
1.709682643413543701e-01
6.780830621719360352e-01
6.649107336997985840e-01
1.239065825939178467e-01
5.084933638572692871e-01
8.075526356697082520e-02
1.564877480268478394e-01
4.420158565044403076e-01
2.359263300895690918e-01
3.203613460063934326e-01
4.736783504486083984e-01
2.459327578544616699e-01
4.036915898323059082e-01
3.194297254085540771e-01
6.854273080825805664e-01
2.304818779230117798e-01
2.187063097953796387e-01
7.489253580570220947e-02
3.621312081813812256e-01
3.409869670867919922e-01
3.787941336631774902e-01
2.146044671535491943e-01
8.100664615631103516e-02
5.812165737152099609e-01
5.043706297874450684e-01
1.725890487432479858e-01
1.409834772348403931e-01
5.147718787193298340e-01
3.234814405441284180e-01
1.047674342989921570e-01
2.565217018127441406e-01
4.302428066730499268e-01
2.354079931974411011e-01
2.330284416675567627e-01
2.582552134990692139e-01
1.088085621595382690e-01
2.084611207246780396e-01
1.442634910345077515e-01
8.427280932664871216e-02
1.263835728168487549e-01
6.300050616264343262e-01
4.982599914073944092e-01
5.296162366867065430e-01
6.778041720390319824e-01
4.150210618972778320e-01
3.674964904785156250e-01
4.457613229751586914e-01
2.026701271533966064e-01
1.694771051406860352e-01
1.447010338306427002e-01
5.694367885589599609e-01
1.331808269023895264e-01
7.192582637071609497e-02
9.126751869916915894e-02
5.866697430610656738e-01
1.373207569122314453e-01
1.941234916448593140e-01
1.444534212350845337e-01
4.680794179439544678e-01
6.257145106792449951e-02
2.271006852388381958e-01
1.215101629495620728e-01
3.734475076198577881e-01
9.178495407104492188e-02
3.644736111164093018e-01
9.844252467155456543e-02
4.217586219310760498e-01
8.589396625757217407e-02
2.778561115264892578e-01
3.779740631580352783e-01
2.312822937965393066e-01
7.269627600908279419e-02
1.151108965277671814e-01
9.481664746999740601e-02
7.627165317535400391e-02
6.231414079666137695e-01
4.388821721076965332e-01
3.892058730125427246e-01
1.724769175052642822e-01
3.596135973930358887e-01
1.548541486263275146e-01
7.307942509651184082e-01
1.141118034720420837e-01
3.465224206447601318e-01
3.111671209335327148e-01
7.849677652120590210e-02
1.367964446544647217e-01
6.589670777320861816e-01
2.600430846214294434e-01
1.073962599039077759e-01
4.280032515525817871e-01
1.084079504013061523e+00
2.506277263164520264e-01
1.136112138628959656e-01
2.251536399126052856e-01
4.778956472873687744e-01
1.538462787866592407e-01
7.608411312103271484e-01
2.664531767368316650e-01
5.142335295677185059e-01
6.828367710113525391e-02
3.207249343395233154e-01
7.967050075531005859e-01
1.456131339073181152e-01
2.772499918937683105e-01
5.540393590927124023e-01
3.448313176631927490e-01
2.279364168643951416e-01
9.096129983663558960e-02
3.597293794155120850e-01
6.099531054496765137e-01
2.278690934181213379e-01
1.580728441476821899e-01
3.437154591083526611e-01
1.062221676111221313e-01
4.710328280925750732e-01
9.474710375070571899e-02
3.121314346790313721e-01
5.597431659698486328e-01
4.033772051334381104e-01
9.139578789472579956e-02
6.012367606163024902e-01
2.600119709968566895e-01
9.365352243185043335e-02
4.887727200984954834e-01
3.213993608951568604e-01
4.543038308620452881e-01
4.941425025463104248e-01
2.289558798074722290e-01
1.370010823011398315e-01
4.042238593101501465e-01
1.395061463117599487e-01
2.185207009315490723e-01
3.539802432060241699e-01
8.959207683801651001e-02
4.801138639450073242e-01
6.076970100402832031e-01
7.817669212818145752e-02
1.061736792325973511e-01
1.374064087867736816e-01
2.899676859378814697e-01
1.958280801773071289e-01
2.428584247827529907e-01
1.569902747869491577e-01
4.449416697025299072e-01
1.000176444649696350e-01
3.096304535865783691e-01
1.180224716663360596e-01
5.892452597618103027e-01
4.946087896823883057e-01
1.180858090519905090e-01
4.270411133766174316e-01
5.117983818054199219e-01
1.402585357427597046e-01
2.919468283653259277e-01
7.232409715652465820e-01
2.905957698822021484e-01
4.341256991028785706e-02
5.358536243438720703e-01
4.884428977966308594e-01
2.573201656341552734e-01
5.582492351531982422e-01
4.500239789485931396e-01
6.310812830924987793e-01
4.688280820846557617e-01
8.543065786361694336e-01
1.743820309638977051e-01
1.057329475879669189e-01
3.949723541736602783e-01
3.534941673278808594e-01
5.203968882560729980e-01
2.617312371730804443e-01
2.909977138042449951e-01
2.610408365726470947e-01
3.369176983833312988e-01
5.741484090685844421e-02
8.791930973529815674e-02
2.774601578712463379e-01
4.109830260276794434e-01
5.452758818864822388e-02
1.561192721128463745e-01
9.793862700462341309e-02
2.956242263317108154e-01
3.279211223125457764e-01
4.658456742763519287e-01
1.285787075757980347e-01
6.417899727821350098e-01
5.225742459297180176e-01
1.011925488710403442e-01
4.056623876094818115e-01
8.017446100711822510e-02
1.264059245586395264e-01
2.829771339893341064e-01
1.612411886453628540e-01
2.466876655817031860e-01
2.128707766532897949e-01
8.955638855695724487e-02
1.433255374431610107e-01
4.579074680805206299e-01
1.119490042328834534e-01
1.241691336035728455e-01
1.701145172119140625e-01
7.777727395296096802e-02
4.333308637142181396e-01
9.250131994485855103e-02
3.457405269145965576e-01
8.797643333673477173e-02
2.606677711009979248e-01
3.688940703868865967e-01
8.843061923980712891e-01
1.449175626039505005e-01
1.101811453700065613e-01
3.922396898269653320e-01
3.375020325183868408e-01
1.326382458209991455e-01
2.054773420095443726e-01
2.212974429130554199e-01
8.111286908388137817e-02
1.230535358190536499e-01
7.999332994222640991e-02
1.507944315671920776e-01
3.339077830314636230e-01
6.967543065547943115e-02
6.970289349555969238e-01
1.156283617019653320e-01
5.328390002250671387e-02
2.387098371982574463e-01
5.286071449518203735e-02
1.352757662534713745e-01
7.091674208641052246e-02
2.593702971935272217e-01
3.688971996307373047e-01
2.999873757362365723e-01
5.331970453262329102e-01
4.074858129024505615e-01
4.343291521072387695e-01
1.712041050195693970e-01
1.971318125724792480e-01
3.671984374523162842e-01
5.834941864013671875e-01
1.238105446100234985e-01
3.715201020240783691e-01
5.262020230293273926e-01
1.091852858662605286e-01
5.161265730857849121e-01
2.007975429296493530e-01
3.527747690677642822e-01
4.198780655860900879e-01
2.440780550241470337e-01
4.686807096004486084e-01
9.458339214324951172e-02
2.977475821971893311e-01
1.125601232051849365e-01
3.887634575366973877e-01
4.403155148029327393e-01
1.520912200212478638e-01
3.439280688762664795e-01
5.715441703796386719e-01
3.368052542209625244e-01
5.040866136550903320e-01
1.333946287631988525e-01
3.523255288600921631e-01
3.819973170757293701e-01
4.785202443599700928e-01
4.525754153728485107e-01
4.560374319553375244e-01
4.869154989719390869e-01
4.275602102279663086e-01
4.492653906345367432e-01
2.546189129352569580e-01
8.905427902936935425e-02
1.252263784408569336e-01
7.160551548004150391e-01
1.641614437103271484e-01
3.632492721080780029e-01
5.962569117546081543e-01
6.852458417415618896e-02
6.496730446815490723e-01
1.018926277756690979e-01
1.884440034627914429e-01
5.256980657577514648e-01
8.235237747430801392e-02
5.189251303672790527e-01
5.440456867218017578e-01
2.614601850509643555e-01
2.519024312496185303e-01
3.681307435035705566e-01
1.870431005954742432e-01
1.018002629280090332e-01
9.575999528169631958e-02
1.065028011798858643e-01
5.661519765853881836e-01
1.661094725131988525e-01
4.068124294281005859e-01
4.465115964412689209e-01
2.800938785076141357e-01
8.541955798864364624e-02
1.123147457838058472e-01
2.687112689018249512e-01
3.644438683986663818e-01
1.262304186820983887e-01
4.709160327911376953e-01
4.436824023723602295e-01
5.939740538597106934e-01
1.488697975873947144e-01
6.020031571388244629e-01
7.493323087692260742e-01
2.672393321990966797e-01
2.876449823379516602e-01
1.337527632713317871e-01
2.177479863166809082e-01
1.013824492692947388e-01
3.030662238597869873e-01
4.826702177524566650e-01
1.305411905050277710e-01
4.412631392478942871e-01
3.061466813087463379e-01
9.898579865694046021e-02
2.731942236423492432e-01
1.767759025096893311e-01
1.823180019855499268e-01
6.819626092910766602e-01
3.961003720760345459e-01
6.797466278076171875e-01
7.510865330696105957e-01
3.574105799198150635e-01
6.050624325871467590e-02
3.248918950557708740e-01
4.157689511775970459e-01
6.037246584892272949e-01
6.966093182563781738e-01
1.204409897327423096e-01
8.745286613702774048e-02
1.744570285081863403e-01
1.518027037382125854e-01
9.234587848186492920e-02
8.280848711729049683e-02
1.086047068238258362e-01
4.046244323253631592e-01
8.356324583292007446e-02
2.975268065929412842e-01
3.736275434494018555e-01
1.378842443227767944e-01
2.518111765384674072e-01
2.256289273500442505e-01
1.110412105917930603e-01
3.599395155906677246e-01
3.855742812156677246e-01
3.825796842575073242e-01
3.071624934673309326e-01
4.124467670917510986e-01
9.180802851915359497e-02
4.744735360145568848e-01
4.566138386726379395e-01
1.106531918048858643e-01
1.707376837730407715e-01
4.343752861022949219e-01
8.217661380767822266e-01
3.969516232609748840e-02
3.024100363254547119e-01
1.305496692657470703e-01
8.746757507324218750e-01
4.021163880825042725e-01
7.316963672637939453e-01
8.687324523925781250e-01
2.848588526248931885e-01
5.240783095359802246e-01
3.538982272148132324e-01
4.595223367214202881e-01
3.334659636020660400e-01
5.054782032966613770e-01
5.558765530586242676e-01
1.417299956083297729e-01
2.394034564495086670e-01
2.190808057785034180e-01
1.561927646398544312e-01
2.813927531242370605e-01
3.569262921810150146e-01
1.464138925075531006e-01
8.801063895225524902e-02
3.075092434883117676e-01
5.797765254974365234e-01
2.973484992980957031e-01
3.953054547309875488e-01
1.562983542680740356e-01
1.835812926292419434e-01
3.392525613307952881e-01
2.970683872699737549e-01
1.122230440378189087e-01
2.794700562953948975e-01
1.401548385620117188e-01
2.405699491500854492e-01
1.846853494644165039e-01
1.477414965629577637e-01
3.797918856143951416e-01
3.483197987079620361e-01
3.214049339294433594e-01
2.108787745237350464e-01
7.686264514923095703e-01
3.060386478900909424e-01
6.300179362297058105e-01
4.612054228782653809e-01
1.940176635980606079e-01
2.879436016082763672e-01
3.438510000705718994e-01
5.995101928710937500e-01
4.663490056991577148e-01
5.298578739166259766e-01
7.769557088613510132e-02
2.550900876522064209e-01
2.102921754121780396e-01
1.032844260334968567e-01
3.450296819210052490e-01
1.629247963428497314e-01
1.761792451143264771e-01
6.483319401741027832e-01
8.209624886512756348e-01
2.074826359748840332e-01
5.691521167755126953e-01
3.286346793174743652e-01
3.222624957561492920e-01
7.005091756582260132e-02
5.782676488161087036e-02
6.265184879302978516e-01
4.619584083557128906e-01
5.139921307563781738e-01
5.421019196510314941e-01
1.869649440050125122e-01
4.968740046024322510e-01
8.588783442974090576e-02
2.992539703845977783e-01
2.782132625579833984e-01
2.960690557956695557e-01
8.059565722942352295e-02
7.015992701053619385e-02
2.662398517131805420e-01
2.352045327425003052e-01
3.160402476787567139e-01
4.570514559745788574e-01
5.193488597869873047e-01
1.650934070348739624e-01
5.652604103088378906e-01
1.270495802164077759e-01
3.581370711326599121e-01
1.090055257081985474e-01
7.390606403350830078e-01
5.659369826316833496e-01
3.872742354869842529e-01
4.587027430534362793e-01
2.354039549827575684e-01
2.352480888366699219e-01
2.192602604627609253e-01
2.733088731765747070e-01
4.381493926048278809e-01
3.494203984737396240e-01
5.706104636192321777e-02
8.881694674491882324e-01
1.235984787344932556e-01
2.563742101192474365e-01
2.927454113960266113e-01
3.909357637166976929e-02
8.649802207946777344e-01
7.157194614410400391e-02
1.586018651723861694e-01
5.921905040740966797e-01
4.929163157939910889e-01
2.623903453350067139e-01
3.596189320087432861e-01
3.523304462432861328e-01
7.314095497131347656e-01
3.941377997398376465e-01
2.149858325719833374e-01
7.341749966144561768e-02
3.115747272968292236e-01
4.008688330650329590e-01
1.405073255300521851e-01
2.113482505083084106e-01
1.416408270597457886e-01
9.414774179458618164e-02
1.730648428201675415e-01
2.963083982467651367e-01
3.381031155586242676e-01
6.540872454643249512e-01
2.719897329807281494e-01
6.551969051361083984e-01
6.377562880516052246e-01
4.746305644512176514e-01
4.491272866725921631e-01
4.248030483722686768e-01
1.304596215486526489e-01
5.540529489517211914e-01
5.641576051712036133e-01
1.532889753580093384e-01
2.555900812149047852e-01
1.319351792335510254e-01
3.124557137489318848e-01
3.637746870517730713e-01
4.921435713768005371e-01
6.813711524009704590e-01
1.311356574296951294e-01
3.850794732570648193e-01
6.015104055404663086e-01
4.341921210289001465e-01
5.413663387298583984e-01
1.933774352073669434e-01
9.435459226369857788e-02
1.706007719039916992e-01
3.296800851821899414e-01
1.068495735526084900e-01
9.686306118965148926e-02
5.474702119827270508e-01
1.820230334997177124e-01
1.765649020671844482e-01
2.975226938724517822e-01
4.895148277282714844e-01
3.539792299270629883e-01
1.448186486959457397e-01
5.996257662773132324e-01
1.133386716246604919e-01
9.355643391609191895e-02
3.771472275257110596e-01
2.962604165077209473e-01
4.773322939872741699e-01
1.049108132719993591e-01
6.636077761650085449e-01
8.635433018207550049e-02
3.476020395755767822e-01
3.308389484882354736e-01
3.028327524662017822e-01
2.400183975696563721e-01
4.413486719131469727e-01
6.976670026779174805e-02
8.712021261453628540e-02
3.868861496448516846e-01
2.701861858367919922e-01
8.446671068668365479e-02
3.056071996688842773e-01
5.337400436401367188e-01
3.683230280876159668e-01
7.789994776248931885e-02
1.407789289951324463e-01
1.893722712993621826e-01
9.978815168142318726e-02
7.313282489776611328e-01
8.058056235313415527e-02
4.225749969482421875e-01
9.107235074043273926e-02
3.370777368545532227e-01
2.696988582611083984e-01
4.820681810379028320e-01
3.808329105377197266e-01
5.978464707732200623e-02
9.599003940820693970e-02
1.490877568721771240e-01
3.635758459568023682e-01
2.075767219066619873e-01
2.428915649652481079e-01
6.289363503456115723e-01
3.579427003860473633e-01
5.488899946212768555e-01
3.077306449413299561e-01
4.717569351196289062e-01
2.246881872415542603e-01
4.080182611942291260e-01
7.348625063896179199e-01
1.833021193742752075e-01
6.993480771780014038e-02
1.641152203083038330e-01
2.401071488857269287e-01
4.323831796646118164e-01
8.539751917123794556e-02
1.873555183410644531e-01
2.964811623096466064e-01
1.834384202957153320e-01
1.336213499307632446e-01
9.115563333034515381e-02
5.751046538352966309e-01
3.464263677597045898e-01
4.442732781171798706e-02
3.901574015617370605e-01
5.907090902328491211e-01
6.805654764175415039e-01
4.672610163688659668e-01
2.485391199588775635e-01
7.178745865821838379e-01
3.458493351936340332e-01
4.954763650894165039e-01
4.938820302486419678e-01
3.868369162082672119e-01
8.218991011381149292e-02
2.111128419637680054e-01
3.854874968528747559e-01
3.277580738067626953e-01
1.277445107698440552e-01
4.431934952735900879e-01
7.670887708663940430e-01
6.263274550437927246e-01
1.620767712593078613e-01
5.557199716567993164e-01
3.458535969257354736e-01
6.413210928440093994e-02
6.483240723609924316e-01
4.580482542514801025e-01
5.484320521354675293e-01
2.902658283710479736e-01
2.162593454122543335e-01
6.115192174911499023e-01
7.131285220384597778e-02
1.479979902505874634e-01
3.761912584304809570e-01
1.101771220564842224e-01
1.767066270112991333e-01
1.033731177449226379e-01
2.295252084732055664e-01
2.906875014305114746e-01
2.232905626296997070e-01
1.831714510917663574e-01
4.835027158260345459e-01
3.005271255970001221e-01
8.879535645246505737e-02
6.555224657058715820e-01
2.258505821228027344e-01
7.794764637947082520e-01
1.713453382253646851e-01
4.628474414348602295e-01
7.439571619033813477e-02
3.943443298339843750e-01
4.816644266247749329e-02
7.693501561880111694e-02
2.382497042417526245e-01
2.923462688922882080e-01
9.860143810510635376e-02
4.290603101253509521e-02
5.037155151367187500e-01
1.008956506848335266e-01
1.467296332120895386e-01
2.436661422252655029e-01
5.318111777305603027e-01
1.956129819154739380e-01
1.126450225710868835e-01
3.259730935096740723e-01
3.310144841670989990e-01
7.354862242937088013e-02
2.870732545852661133e-01
1.528065651655197144e-01
4.334737658500671387e-01
2.171155512332916260e-01
1.137439534068107605e-01
7.471267580986022949e-01
1.654102653264999390e-01
2.836468517780303955e-01
1.469962149858474731e-01
3.632389307022094727e-01
1.137261837720870972e-01
1.910792440176010132e-01
4.998103678226470947e-01
6.426860690116882324e-01
3.016962110996246338e-01
6.864079236984252930e-01
7.952713966369628906e-02
3.376832008361816406e-01
2.212114781141281128e-01
2.109627723693847656e-01
1.001022681593894958e-01
6.846255064010620117e-02
4.739505052566528320e-01
2.138996422290802002e-01
5.936270952224731445e-01
4.950446188449859619e-01
3.347935378551483154e-01
1.108251586556434631e-01
6.421920657157897949e-02
2.745814621448516846e-01
4.736196622252464294e-02
2.013117223978042603e-01
4.107005000114440918e-01
3.625314235687255859e-01
1.130183339118957520e-01
3.193694353103637695e-01
3.385051190853118896e-01
5.935000777244567871e-01
6.809098720550537109e-01
2.948124706745147705e-01
4.957963526248931885e-01
3.472056388854980469e-01
3.251580893993377686e-01
4.567525386810302734e-01
4.954130053520202637e-01
3.809070587158203125e-01
6.998850703239440918e-01
2.511954605579376221e-01
4.863393902778625488e-01
1.549205183982849121e-01
1.010633856058120728e-01
1.455200314521789551e-01
4.134731888771057129e-01
1.216578483581542969e-01
5.573505163192749023e-01
3.228652179241180420e-01
6.317447870969772339e-02
1.344881206750869751e-01
2.175369113683700562e-01
4.584709554910659790e-02
3.718918859958648682e-01
5.812894105911254883e-01
1.032940521836280823e-01
5.246892571449279785e-01
3.242407441139221191e-01
5.975282192230224609e-01
1.473404914140701294e-01
2.312868833541870117e-01
1.573910266160964966e-01
4.262837767601013184e-01
1.514392793178558350e-01
5.796499252319335938e-01
3.329008817672729492e-01
1.391528844833374023e-01
9.392027556896209717e-02
1.694021522998809814e-01
1.573175340890884399e-01
1.473768800497055054e-01
1.598058640956878662e-01
1.308629959821701050e-01
9.596843272447586060e-02
6.456833481788635254e-01
3.925772309303283691e-01
3.364624977111816406e-01
5.447880625724792480e-01
3.798210620880126953e-01
2.846977412700653076e-01
3.666735589504241943e-01
5.802372097969055176e-01
7.324737906455993652e-01
1.548227965831756592e-01
5.418709665536880493e-02
3.034701049327850342e-01
3.963938057422637939e-01
2.634151875972747803e-01
1.282403618097305298e-01
2.897437810897827148e-01
2.036380916833877563e-01
3.249675333499908447e-01
8.333539217710494995e-02
1.631783545017242432e-01
1.189297065138816833e-01
1.057721525430679321e-01
1.315610855817794800e-01
4.034447968006134033e-01
8.741495013236999512e-02
2.729617655277252197e-01
6.938887387514114380e-02
4.093940258026123047e-01
9.819003343582153320e-01
6.899258494377136230e-01
8.314085006713867188e-02
3.980503082275390625e-01
1.514317840337753296e-01
3.945800662040710449e-01
7.739236950874328613e-02
6.074219569563865662e-02
5.899406075477600098e-01
7.573321461677551270e-02
1.028885170817375183e-01
5.659319758415222168e-01
1.262386441230773926e-01
1.065469756722450256e-01
1.309392750263214111e-01
5.124571323394775391e-01
3.324102461338043213e-01
2.981685101985931396e-01
3.790169954299926758e-01
6.298810243606567383e-01
1.344837844371795654e-01
3.125578761100769043e-01
1.680699139833450317e-01
7.669643312692642212e-02
2.052104175090789795e-01
2.302368879318237305e-01
6.459664702415466309e-01
3.239301741123199463e-01
1.723825782537460327e-01
3.867816925048828125e-01
1.405911892652511597e-01
1.065643727779388428e-01
1.839670389890670776e-01
1.961495131254196167e-01
1.772249191999435425e-01
2.316116690635681152e-01
1.087296232581138611e-01
9.007793664932250977e-02
2.245247811079025269e-01
4.515284299850463867e-02
2.443291097879409790e-01
2.351023703813552856e-01
2.434183359146118164e-01
3.517669439315795898e-01
9.190140664577484131e-02
4.566728472709655762e-01
3.274405300617218018e-01
1.942977160215377808e-01
3.464533984661102295e-01
2.974515259265899658e-01
3.368226587772369385e-01
1.058144792914390564e-01
1.318016052246093750e-01
2.893992662429809570e-01
2.690212428569793701e-01
3.249269127845764160e-01
3.757036328315734863e-01
4.342934489250183105e-01
8.108722567558288574e-01
2.494367063045501709e-01
4.813870489597320557e-01
3.030960261821746826e-01
9.501262009143829346e-02
3.773108720779418945e-01
4.155213832855224609e-01
1.434127241373062134e-01
2.418536096811294556e-01
1.694854050874710083e-01
3.875859677791595459e-01
1.414224356412887573e-01
1.920999437570571899e-01
1.647161990404129028e-01
6.239162012934684753e-02
5.340000987052917480e-01
2.111920863389968872e-01
4.511690735816955566e-01
1.602359265089035034e-01
8.357219099998474121e-01
1.580751687288284302e-01
3.274980783462524414e-01
2.727536559104919434e-01
6.109628677368164062e-01
7.076302170753479004e-01
3.484526872634887695e-01
3.663917183876037598e-01
3.238029181957244873e-01
3.492791652679443359e-01
2.568245232105255127e-01
2.581456899642944336e-01
1.223621144890785217e-01
2.515943348407745361e-01
1.240374594926834106e-01
1.736221015453338623e-01
8.684526085853576660e-01
3.795205056667327881e-01
