1.614783145487308502e-02
1.618871092796325684e-02
2.180917747318744659e-02
1.912274025380611420e-02
2.581346407532691956e-02
3.677351772785186768e-02
2.519700676202774048e-02
1.905165053904056549e-02
7.762400433421134949e-03
2.412284724414348602e-02
9.975937195122241974e-03
3.463013842701911926e-02
1.993528753519058228e-02
2.615516446530818939e-02
1.176190003752708435e-02
1.788836158812046051e-02
1.372720766812562943e-02
1.897515170276165009e-02
3.227196261286735535e-02
4.085338488221168518e-02
3.295677900314331055e-02
1.712187938392162323e-02
8.342214860022068024e-03
2.108533307909965515e-02
1.146536879241466522e-02
2.701994404196739197e-02
7.024838123470544815e-03
3.013984300196170807e-02
1.253205724060535431e-02
2.573366649448871613e-02
2.197562530636787415e-02
2.745352312922477722e-02
1.804941892623901367e-02
2.335560880601406097e-02
1.742413267493247986e-02
2.624205686151981354e-02
1.291343942284584045e-02
2.291379496455192566e-02
1.968234218657016754e-02
2.939271926879882812e-02
2.912103757262229919e-02
3.112741559743881226e-02
2.900556661188602448e-02
2.649695239961147308e-02
1.765649206936359406e-02
2.702720463275909424e-02
1.483652461320161819e-02
1.099943090230226517e-02
2.198470011353492737e-02
2.491938695311546326e-02
2.052079513669013977e-02
1.463510189205408096e-02
6.185234524309635162e-03
1.147113554179668427e-02
1.624201424419879913e-02
1.386128552258014679e-02
1.469003129750490189e-02
7.901825010776519775e-03
1.462042797356843948e-02
3.136558458209037781e-02
2.627184055745601654e-02
3.879467397928237915e-02
2.367018908262252808e-02
2.908835560083389282e-02
