4.944549500942230225e-01
-7.151159644126892090e-01
-4.635806009173393250e-02
9.824199229478836060e-02
5.159798264503479004e-02
-9.092466831207275391e-01
-1.198828935623168945e+00
2.829768359661102295e-01
-5.007784366607666016e-01
-1.748952269554138184e-01
-7.793074846267700195e-01
-1.294438481330871582e+00
5.507866144180297852e-01
-3.895174264907836914e-01
6.803081184625625610e-02
-6.872091889381408691e-01
-1.120043873786926270e+00
-7.892439514398574829e-02
-5.462144613265991211e-01
4.711720943450927734e-01
6.859123706817626953e-01
-3.273785114288330078e-01
-8.193359971046447754e-01
3.804900497198104858e-02
-4.593020975589752197e-01
8.314890265464782715e-01
-8.026890158653259277e-01
-1.297534823417663574e+00
-6.946458220481872559e-01
-4.485295414924621582e-01
3.110770881175994873e-01
-1.914132758975028992e-02
-1.451634168624877930e-01
7.924165725708007812e-01
-4.428968727588653564e-01
1.675924420356750488e+00
-1.138152122497558594e+00
8.046895265579223633e-02
5.806668996810913086e-01
4.788558781147003174e-01
1.368827223777770996e-01
4.565695822238922119e-01
2.146764993667602539e-01
1.380601167678833008e+00
8.687837123870849609e-01
-6.117054224014282227e-01
-9.974934458732604980e-01
8.697192668914794922e-01
-7.522551417350769043e-01
-2.949548140168190002e-02
-5.914072394371032715e-01
-4.711895585060119629e-01
-9.340738058090209961e-01
-6.162384524941444397e-02
-1.313321828842163086e+00
-9.776293635368347168e-01
-1.368125677108764648e+00
-7.283544540405273438e-01
-4.016712903976440430e-01
-1.202055811882019043e-02
-4.137104451656341553e-01
3.141005337238311768e-01
5.631890296936035156e-01
-8.925886750221252441e-01
