3.984946012496948242e+00
3.011207103729248047e+00
4.938652038574218750e+00
3.184710741043090820e+00
2.202658891677856445e+00
3.958122253417968750e+00
2.799458265304565430e+00
4.765544414520263672e+00
5.628118038177490234e+00
2.891152620315551758e+00
5.278268814086914062e+00
3.996533393859863281e+00
5.236824035644531250e+00
2.556334257125854492e+00
3.057221889495849609e+00
3.175661087036132812e+00
6.398326873779296875e+00
2.073461771011352539e+00
4.264809131622314453e+00
6.754359245300292969e+00
2.679042816162109375e+00
2.265800952911376953e+00
3.390419721603393555e+00
4.188071250915527344e+00
5.521001338958740234e+00
4.489266395568847656e+00
3.497154474258422852e+00
3.383935213088989258e+00
2.828272104263305664e+00
3.401772975921630859e+00
1.199262142181396484e+01
1.593017220497131348e+00
2.483894109725952148e+00
5.109919548034667969e+00
4.668575286865234375e+00
3.725614786148071289e+00
4.600565433502197266e+00
1.228628349304199219e+01
2.515840530395507812e+00
4.193819046020507812e+00
3.682668685913085938e+00
2.292117595672607422e+00
2.680597782135009766e+00
9.759075164794921875e+00
1.479276537895202637e+00
2.453253030776977539e+00
1.787514209747314453e+00
3.955968618392944336e+00
2.111580133438110352e+00
3.717596054077148438e+00
2.525900363922119141e+00
3.170365810394287109e+00
1.362753152847290039e+00
1.828207612037658691e+00
3.137118101119995117e+00
2.163509845733642578e+00
2.784915447235107422e+00
2.145501852035522461e+00
2.564628362655639648e+00
3.363602161407470703e+00
4.919326782226562500e+00
5.093113422393798828e+00
1.732635378837585449e+00
3.192162036895751953e+00
2.070976257324218750e+00
6.252288341522216797e+00
3.991915464401245117e+00
3.774733304977416992e+00
2.920445442199707031e+00
1.627661108970642090e+00
3.290499210357666016e+00
3.963834524154663086e+00
2.065805673599243164e+00
1.824000835418701172e+00
9.531791687011718750e+00
2.322427988052368164e+00
2.061860561370849609e+00
6.044088363647460938e+00
2.816439151763916016e+00
3.343305110931396484e+00
2.566749334335327148e+00
1.547318935394287109e+00
1.284654855728149414e+00
1.692711114883422852e+00
2.854846239089965820e+00
6.304709434509277344e+00
3.174539804458618164e+00
2.605784177780151367e+00
3.755933046340942383e+00
2.093199729919433594e+00
2.461212158203125000e+00
4.030604839324951172e+00
7.616877555847167969e+00
3.794548749923706055e+00
1.173038578033447266e+01
2.518736362457275391e+00
2.333233118057250977e+00
1.158186554908752441e+00
4.697392940521240234e+00
1.318626284599304199e+00
6.092990875244140625e+00
5.063837051391601562e+00
3.911285400390625000e+00
8.027032017707824707e-01
1.645983099937438965e+00
1.217996406555175781e+01
2.547742843627929688e+00
2.814523220062255859e+00
1.924834370613098145e+00
1.366964578628540039e+00
2.247662305831909180e+00
5.367755413055419922e+00
5.707914352416992188e+00
2.033783674240112305e+00
1.537235140800476074e+00
2.165521144866943359e+00
2.282891273498535156e+00
3.892750501632690430e+00
5.740087985992431641e+00
3.348052024841308594e+00
4.121382713317871094e+00
3.594307661056518555e+00
3.613101243972778320e+00
2.531441688537597656e+00
1.606330037117004395e+00
4.714111328125000000e+00
3.167549610137939453e+00
2.327776432037353516e+00
3.092660427093505859e+00
8.662862181663513184e-01
2.615080118179321289e+00
4.233667373657226562e+00
3.912902116775512695e+00
2.952996730804443359e+00
4.581865310668945312e+00
3.585520982742309570e+00
2.760740041732788086e+00
2.384590625762939453e+00
2.820108413696289062e+00
3.119466781616210938e+01
4.992537498474121094e+00
1.872724652290344238e+00
9.368717193603515625e+00
1.651654839515686035e+00
4.655678272247314453e+00
9.982759952545166016e-01
3.460256099700927734e+00
1.351657986640930176e+00
2.593207836151123047e+00
3.010406255722045898e+00
2.983648300170898438e+00
3.327782392501831055e+00
2.003296375274658203e+00
5.114073276519775391e+00
2.989562273025512695e+00
3.084264993667602539e+00
9.043861031532287598e-01
3.853132247924804688e+00
2.937759637832641602e+00
1.647375464439392090e+00
5.313522815704345703e+00
3.188620328903198242e+00
2.031387090682983398e+00
5.952196121215820312e+00
1.987210035324096680e+00
1.984750151634216309e+00
4.157701492309570312e+00
2.219747543334960938e+00
5.236485958099365234e+00
4.442573547363281250e+00
2.692051649093627930e+00
3.649076223373413086e-01
2.856818199157714844e+00
1.984545946121215820e+00
1.099469184875488281e+00
3.120502710342407227e+00
4.013264656066894531e+00
3.740833282470703125e+00
2.099263429641723633e+00
4.263462543487548828e+00
2.613830804824829102e+00
1.814155817031860352e+00
2.446224212646484375e+00
4.273273468017578125e+00
3.089673280715942383e+00
4.488111972808837891e+00
4.968134880065917969e+00
3.050905942916870117e+00
2.293971538543701172e+00
2.967451333999633789e+00
3.814270734786987305e+00
5.071454048156738281e+00
2.539232492446899414e+00
4.288178920745849609e+00
1.405652403831481934e+00
3.492767095565795898e+00
8.816921710968017578e-01
3.995236158370971680e+00
3.409963130950927734e+00
2.587883710861206055e+00
1.352094650268554688e+01
1.682789683341979980e+00
3.882842540740966797e+00
1.885587882995605469e+01
1.363463687896728516e+01
3.008085250854492188e+00
2.951182126998901367e+00
3.867163658142089844e+00
5.489730834960937500e-01
1.953492760658264160e+00
3.032370328903198242e+00
2.525945425033569336e+00
3.609521150588989258e+00
2.374266386032104492e+00
7.593413352966308594e+00
4.433966636657714844e+00
1.763396143913269043e+00
2.830478668212890625e+00
1.484508633613586426e+00
3.945735692977905273e+00
4.809581279754638672e+00
4.315064430236816406e+00
4.037544727325439453e+00
3.742392349243164062e+01
2.371826410293579102e+00
2.006021976470947266e+00
5.233937263488769531e+00
1.516494631767272949e+00
3.262776613235473633e+00
4.813609600067138672e+00
2.551750898361206055e+00
2.104704618453979492e+00
6.171111106872558594e+00
2.617927551269531250e+00
1.314647436141967773e+00
6.483976840972900391e+00
3.786622762680053711e+00
4.989313125610351562e+00
1.933772802352905273e+00
5.539162158966064453e-01
2.269798517227172852e+00
1.480134487152099609e+00
1.943218708038330078e+00
3.328382730484008789e+00
2.867793083190917969e+00
2.546849966049194336e+00
3.982108592987060547e+00
2.194638490676879883e+00
3.200251102447509766e+00
2.464080333709716797e+00
2.170385599136352539e+00
2.709528684616088867e+00
5.741103172302246094e+00
2.944382190704345703e+00
3.056936264038085938e+00
2.697407484054565430e+00
1.977931380271911621e+00
5.703339576721191406e+00
2.148761987686157227e+00
2.164021015167236328e+00
2.714856624603271484e+00
1.867637038230895996e+00
2.377447605133056641e+00
2.452310323715209961e+00
2.912200212478637695e+00
5.844890117645263672e+00
2.284437179565429688e+00
1.904684424400329590e+00
2.776854038238525391e+00
2.535600423812866211e+00
1.595332264900207520e+00
3.966751813888549805e+00
2.875769376754760742e+00
6.481498718261718750e+00
3.580377101898193359e+00
3.817468643188476562e+00
2.004673242568969727e+00
3.409463405609130859e+00
4.631418704986572266e+00
3.567963600158691406e+00
3.093155622482299805e+00
2.496097087860107422e+00
2.067914009094238281e+00
4.644038200378417969e+00
1.056470108032226562e+01
2.768281936645507812e+00
2.334973096847534180e+00
5.693819999694824219e+00
1.553322792053222656e+01
4.093679428100585938e+00
3.650846958160400391e+00
5.598131656646728516e+00
1.716072916984558105e+00
8.345204353332519531e+00
1.916112065315246582e+00
5.318274497985839844e+00
3.185953855514526367e+00
1.933249592781066895e+00
3.903412580490112305e+00
3.215314865112304688e+00
4.038664340972900391e+00
2.505835056304931641e+00
2.660721063613891602e+00
1.869088530540466309e+00
2.695039033889770508e+00
4.640614509582519531e+00
2.163116693496704102e+00
2.750625371932983398e+00
4.507682800292968750e+00
2.535040616989135742e+00
8.731467127799987793e-01
5.014792919158935547e+00
1.191717815399169922e+01
6.264456272125244141e+00
1.457232952117919922e+00
2.166829586029052734e+00
5.331072330474853516e+00
2.370905160903930664e+00
8.641326904296875000e+00
3.221766233444213867e+00
6.335751056671142578e+00
4.712093830108642578e+00
3.938494443893432617e+00
2.006056785583496094e+00
2.406221151351928711e+00
2.200437307357788086e+00
3.633424282073974609e+00
4.864549160003662109e+00
2.780488014221191406e+00
2.391768455505371094e+00
3.272420883178710938e+00
4.652475357055664062e+00
3.686440944671630859e+00
6.504780769348144531e+00
6.812299251556396484e+00
2.838564395904541016e+00
1.283972549438476562e+01
2.963557004928588867e+00
3.744199752807617188e+00
4.843380451202392578e+00
1.967877626419067383e+00
8.567066192626953125e+00
9.564991950988769531e+00
1.512571454048156738e+00
2.540129661560058594e+00
3.029458522796630859e+00
1.951214194297790527e+00
2.480833053588867188e+00
4.357658863067626953e+00
9.566342830657958984e-01
1.032044696807861328e+01
1.606543922424316406e+01
2.327275514602661133e+00
3.736718893051147461e+00
7.084754467010498047e+00
2.138456583023071289e+00
5.734639167785644531e+00
4.445668697357177734e+00
2.101638793945312500e+00
6.101929187774658203e+00
3.369857788085937500e+00
3.063944816589355469e+00
2.544994354248046875e+00
5.267623424530029297e+00
1.797212123870849609e+00
3.429484844207763672e+00
1.475677013397216797e+00
4.659439563751220703e+00
1.860041022300720215e+00
5.558754920959472656e+00
2.188356637954711914e+00
5.185244560241699219e+00
3.160278558731079102e+00
3.598495006561279297e+00
3.674835681915283203e+00
2.178831338882446289e+00
3.511627912521362305e+00
5.288242816925048828e+00
9.609970092773437500e+00
2.936239719390869141e+00
1.583788752555847168e+00
4.620944499969482422e+00
4.824686646461486816e-01
3.887898445129394531e+00
9.922717094421386719e+00
7.892880916595458984e+00
2.515143156051635742e+00
4.416623115539550781e+00
4.533420562744140625e+00
1.204339981079101562e+00
1.542757868766784668e+00
1.080932235717773438e+01
4.715057849884033203e+00
4.474576473236083984e+00
3.996168136596679688e+00
4.850908756256103516e+00
4.089137554168701172e+00
1.740169286727905273e+00
4.399442672729492188e+00
2.389834165573120117e+00
5.844063282012939453e+00
6.321755409240722656e+00
1.102295160293579102e+00
2.136553049087524414e+00
5.282143592834472656e+00
5.110030651092529297e+00
3.926284074783325195e+00
4.834095478057861328e+00
4.163558959960937500e+00
2.603464841842651367e+00
3.782091379165649414e+00
3.719821929931640625e+00
4.787355899810791016e+00
3.675647020339965820e+00
8.097739219665527344e+00
2.216221809387207031e+00
2.317942142486572266e+00
3.528609037399291992e+00
7.478082656860351562e+00
2.747445821762084961e+00
1.622469425201416016e+00
2.360417604446411133e+00
1.486723423004150391e+01
3.411632776260375977e+00
2.695413827896118164e+00
4.714339256286621094e+00
2.690367698669433594e-01
1.999220085144042969e+01
3.020823001861572266e+00
3.640523195266723633e+00
2.626648902893066406e+00
2.726029634475708008e+00
1.309980630874633789e+00
2.792315959930419922e+00
5.074865818023681641e+00
2.240309906005859375e+01
7.563523769378662109e+00
1.665525794029235840e+00
3.720179080963134766e+00
2.102473258972167969e+00
2.902795314788818359e+00
2.342396497726440430e+00
2.692605257034301758e+00
3.314756393432617188e+00
6.195125102996826172e+00
2.979761362075805664e+00
4.083557128906250000e+00
1.709132671356201172e+00
1.457338452339172363e+00
6.575976371765136719e+00
1.608747243881225586e+00
5.531213283538818359e+00
2.775487899780273438e+00
1.314758777618408203e+00
5.947496891021728516e+00
4.449945926666259766e+00
2.582812547683715820e+00
7.696292877197265625e+00
3.867656230926513672e+00
3.057784557342529297e+00
2.851297378540039062e+00
3.203437805175781250e+00
2.261765003204345703e+00
6.350709438323974609e+00
2.291235208511352539e+00
2.714398384094238281e+00
2.448851585388183594e+00
3.039131879806518555e+00
2.591409921646118164e+00
3.582832574844360352e+00
1.769111871719360352e+00
1.411060523986816406e+01
1.798527479171752930e+00
1.335489511489868164e+00
1.614397168159484863e+00
1.581854581832885742e+00
3.868115663528442383e+00
7.686747908592224121e-01
5.316480159759521484e+00
4.052332639694213867e-01
1.801151394844055176e+00
2.718806743621826172e+00
5.782515525817871094e+00
5.221504211425781250e+00
2.292950630187988281e+00
2.240898370742797852e+00
3.326836109161376953e+00
1.729383087158203125e+01
6.524354934692382812e+00
1.292494392395019531e+01
5.633582592010498047e+00
6.633864402770996094e+00
2.655752658843994141e+00
1.886700868606567383e+00
2.061722517013549805e+00
3.901739358901977539e+00
1.483178734779357910e+00
2.494334697723388672e+00
6.692163467407226562e+00
4.750152587890625000e+00
1.948446512222290039e+00
3.091343879699707031e+00
3.166597604751586914e+00
4.437475204467773438e+00
7.777255535125732422e+00
1.281403899192810059e+00
2.448203802108764648e+00
2.039938211441040039e+00
3.369774103164672852e+00
6.110440731048583984e+00
1.950987696647644043e+00
3.206507682800292969e+00
