1.033658981323242188e+00
9.920125603675842285e-01
9.758855700492858887e-01
9.539303183555603027e-01
9.986354708671569824e-01
9.907036423683166504e-01
9.920591115951538086e-01
1.023836374282836914e+00
9.750901460647583008e-01
1.077596783638000488e+00
1.025137186050415039e+00
9.577988982200622559e-01
9.959945082664489746e-01
9.850739836692810059e-01
1.003399252891540527e+00
9.429574608802795410e-01
1.008180141448974609e+00
9.903551340103149414e-01
9.680049419403076172e-01
1.031363129615783691e+00
9.355406165122985840e-01
9.743294715881347656e-01
1.036350607872009277e+00
9.741691946983337402e-01
9.797254800796508789e-01
9.780454039573669434e-01
9.943659901618957520e-01
9.884003996849060059e-01
9.969164133071899414e-01
9.550326466560363770e-01
1.008697271347045898e+00
9.574808478355407715e-01
9.705392718315124512e-01
1.010037660598754883e+00
9.490748643875122070e-01
9.998143911361694336e-01
1.109981060028076172e+00
1.016397953033447266e+00
1.017568469047546387e+00
1.006191372871398926e+00
9.888529777526855469e-01
9.931030869483947754e-01
1.028763294219970703e+00
1.024867773056030273e+00
9.408635497093200684e-01
1.050699949264526367e+00
9.956965446472167969e-01
1.035979866981506348e+00
1.137910366058349609e+00
1.022142648696899414e+00
9.821106791496276855e-01
9.604434370994567871e-01
9.998806118965148926e-01
1.003913402557373047e+00
9.868248105049133301e-01
9.667857289314270020e-01
1.000488162040710449e+00
9.913043379783630371e-01
9.897946715354919434e-01
9.536806941032409668e-01
1.020802617073059082e+00
9.870222806930541992e-01
9.925187230110168457e-01
9.693425893783569336e-01
1.001880764961242676e+00
9.944338798522949219e-01
1.003214836120605469e+00
9.774432182312011719e-01
1.008303403854370117e+00
1.025550842285156250e+00
9.963316917419433594e-01
1.013868451118469238e+00
1.019716501235961914e+00
1.007391095161437988e+00
9.762078523635864258e-01
1.016997694969177246e+00
1.028534173965454102e+00
1.011897206306457520e+00
1.063051700592041016e+00
9.325339198112487793e-01
1.011328220367431641e+00
9.820215702056884766e-01
1.020989656448364258e+00
1.025305867195129395e+00
1.009155988693237305e+00
1.005991101264953613e+00
1.003015995025634766e+00
9.811753630638122559e-01
9.705077409744262695e-01
1.002109527587890625e+00
1.018430113792419434e+00
1.001331448554992676e+00
9.676552414894104004e-01
9.852822422981262207e-01
1.013880252838134766e+00
1.026026487350463867e+00
1.033882260322570801e+00
9.727438092231750488e-01
9.940780997276306152e-01
1.005640149116516113e+00
1.063334226608276367e+00
1.001904129981994629e+00
1.033938407897949219e+00
9.958202838897705078e-01
1.020846962928771973e+00
1.016997575759887695e+00
9.463012814521789551e-01
9.738193750381469727e-01
1.093739032745361328e+00
1.029729962348937988e+00
9.443069696426391602e-01
9.364377856254577637e-01
9.331715106964111328e-01
1.012994170188903809e+00
9.971854090690612793e-01
1.043699026107788086e+00
9.813807010650634766e-01
1.023603558540344238e+00
1.007450342178344727e+00
9.984428882598876953e-01
1.001970291137695312e+00
1.012754082679748535e+00
9.951097965240478516e-01
1.003585338592529297e+00
9.719644784927368164e-01
9.599989056587219238e-01
9.701082110404968262e-01
1.088292479515075684e+00
