5.723809003829956055e-01
-1.639131754636764526e-01
-3.954640030860900879e-01
5.805531740188598633e-01
-5.636628270149230957e-01
-6.464141607284545898e-01
5.123028531670570374e-02
-5.251078605651855469e-01
-1.922331750392913818e-01
6.378685683012008667e-02
-5.184544920921325684e-01
4.852726683020591736e-02
8.649408221244812012e-01
-3.084636926651000977e-01
-9.341881424188613892e-02
-2.481555491685867310e-01
-1.041850924491882324e+00
-1.302890479564666748e-01
5.746548175811767578e-01
-3.115878105163574219e-01
5.825871825218200684e-01
-1.529544889926910400e-01
-5.018014311790466309e-01
2.105351686477661133e-01
-1.383036673069000244e-01
-7.704913020133972168e-01
-5.882501602172851562e-01
-6.623975038528442383e-01
-2.185202538967132568e-01
1.385096460580825806e-01
4.843201041221618652e-01
-1.933121979236602783e-01
-4.321122914552688599e-02
6.086721550673246384e-03
-1.065787076950073242e-01
-3.928665816783905029e-01
8.150225877761840820e-01
-2.732597291469573975e-01
-1.942092478275299072e-01
4.583169221878051758e-01
-2.085411548614501953e-01
-2.985006570816040039e-01
1.546072121709585190e-02
3.306444883346557617e-01
2.685712277889251709e-01
7.890061140060424805e-01
-3.810306787490844727e-01
6.986596584320068359e-01
-8.882289528846740723e-01
-7.216385602951049805e-01
1.896856352686882019e-02
-4.600771963596343994e-01
1.896335929632186890e-01
-2.212924659252166748e-01
-8.139023780822753906e-01
-7.493156939744949341e-02
-1.107805371284484863e-01
5.689378380775451660e-01
-2.470351308584213257e-01
-7.695774734020233154e-02
-7.502338290214538574e-01
2.209242880344390869e-01
-8.905046270228922367e-04
3.907972872257232666e-01
1.701137721538543701e-01
-2.651470303535461426e-01
-2.477454841136932373e-01
8.940878510475158691e-02
-5.705243349075317383e-01
8.915439248085021973e-02
2.497960627079010010e-01
-2.731854319572448730e-01
-6.585313081741333008e-01
-3.728080987930297852e-01
-7.826075553894042969e-01
9.727464988827705383e-03
-2.322123050689697266e-01
2.063486427068710327e-01
-7.286732792854309082e-01
4.096704125404357910e-01
-6.131218671798706055e-01
-4.017746150493621826e-01
-3.670895695686340332e-01
-8.354465961456298828e-01
2.652850449085235596e-01
-5.654584765434265137e-01
-8.671127557754516602e-01
-4.541895091533660889e-01
-1.087936460971832275e-01
2.497574388980865479e-01
-3.540505170822143555e-01
-8.061314821243286133e-01
-1.316564083099365234e-01
1.138747408986091614e-01
7.461677491664886475e-02
-5.959640145301818848e-01
2.967703938484191895e-01
1.999637931585311890e-01
-6.965473294258117676e-01
-3.458722829818725586e-01
-9.821007251739501953e-01
-1.064023852348327637e+00
-7.147619128227233887e-01
-1.121484562754631042e-01
-2.532734870910644531e-01
2.783737778663635254e-01
-3.644277155399322510e-02
8.671302348375320435e-02
4.853565394878387451e-01
-2.187916636466979980e-01
2.743620574474334717e-01
-2.712563611567020416e-02
1.730484366416931152e-01
-8.950414657592773438e-01
-1.610465198755264282e-01
-5.362982749938964844e-01
-5.743543431162834167e-02
-1.540645211935043335e-01
1.125788129866123199e-02
5.022554844617843628e-02
5.888676047325134277e-01
-2.663374505937099457e-02
-4.796925783157348633e-01
-3.902263343334197998e-01
-4.893874526023864746e-01
-7.976346462965011597e-02
1.511230319738388062e-01
-9.530128240585327148e-01
