-1.013018846511840820e+00
-1.311052441596984863e+00
2.485411986708641052e-02
-3.783389329910278320e-01
-1.108369469642639160e+00
-1.177684903144836426e+00
-4.053326547145843506e-01
-2.649639248847961426e-01
-1.879054784774780273e+00
-2.131285429000854492e+00
-2.406807899475097656e+00
-2.629249334335327148e+00
-2.170456349849700928e-01
-6.523957848548889160e-01
5.824487209320068359e-01
-7.721257209777832031e-01
-1.125757813453674316e+00
8.943443894386291504e-01
-1.868855118751525879e+00
1.683160305023193359e+00
-2.291105747222900391e+00
8.606197834014892578e-01
-1.037184000015258789e+00
-1.127585411071777344e+00
-1.043600559234619141e+00
-1.877423882484436035e+00
-1.562697529792785645e+00
-2.749901413917541504e-01
-1.299827694892883301e+00
-2.699549496173858643e-01
-8.944826722145080566e-01
8.067480474710464478e-02
9.321924448013305664e-01
-1.391872912645339966e-01
4.286373555660247803e-01
4.817383587360382080e-01
3.049860000610351562e-01
3.342995643615722656e-01
-1.013589262962341309e+00
-9.775907993316650391e-01
-8.796700239181518555e-01
5.885152518749237061e-02
2.661344036459922791e-02
1.335079520940780640e-01
-7.123144865036010742e-01
-1.574927687644958496e+00
3.111989237368106842e-02
-1.520182251930236816e+00
-1.456150770187377930e+00
6.039348244667053223e-01
-3.627818524837493896e-01
-5.384782552719116211e-01
9.381093978881835938e-01
1.007538080215454102e+00
-2.464080005884170532e-01
-1.720741838216781616e-01
1.374717950820922852e+00
1.140191435813903809e+00
-2.484879642724990845e-01
-1.363054633140563965e+00
-2.296882152557373047e+00
-2.327548742294311523e+00
-1.069019079208374023e+00
-1.591482520103454590e+00
3.529414534568786621e-01
-1.038137078285217285e+00
-1.583723783493041992e+00
-2.292495667934417725e-01
-7.649862170219421387e-01
-6.472954750061035156e-01
-1.570295572280883789e+00
-7.797424793243408203e-01
-1.599011778831481934e+00
-2.097871541976928711e+00
-2.468324661254882812e+00
-1.651230096817016602e+00
-1.856555938720703125e+00
-2.460549175739288330e-01
-9.673920273780822754e-01
7.213091254234313965e-01
2.595380067825317383e+00
6.382810473442077637e-01
-3.118936300277709961e+00
1.528413057327270508e+00
-1.749463826417922974e-01
-1.221002817153930664e+00
-1.753327250480651855e+00
6.037992238998413086e-01
-7.763925790786743164e-01
-4.439395666122436523e-01
-2.952964901924133301e-01
-1.025072216987609863e+00
-1.688358545303344727e+00
-8.416174650192260742e-01
6.081017255783081055e-01
-1.096848011016845703e+00
2.513480424880981445e+00
8.006805181503295898e-02
9.638064503669738770e-01
-2.380233854055404663e-01
-1.341501832008361816e+00
9.160617589950561523e-01
-1.936429619789123535e+00
-8.930414915084838867e-02
5.734237432479858398e-01
8.347136378288269043e-01
-1.209004759788513184e+00
-1.498882412910461426e+00
-1.616098046302795410e+00
1.841142177581787109e-01
-2.985875368118286133e+00
-9.720881581306457520e-01
-6.203168034553527832e-01
-1.827692508697509766e+00
-2.763888835906982422e+00
5.559566020965576172e-01
1.942483782768249512e-01
5.020193457603454590e-01
-8.932071924209594727e-01
-1.960532307624816895e+00
6.015963554382324219e-01
-1.837259411811828613e+00
4.073504805564880371e-01
-1.381559073925018311e-01
4.994457364082336426e-01
-1.196762323379516602e-01
9.389302730560302734e-01
-2.908752262592315674e-01
-2.621187686920166016e+00
-1.101878046989440918e+00
9.913769364356994629e-02
-3.589765429496765137e-01
-2.530822455883026123e-01
-9.296851754188537598e-01
-5.874903202056884766e-01
4.976728558540344238e-02
1.758890151977539062e+00
-1.555278301239013672e+00
-1.411127686500549316e+00
-1.218048930168151855e+00
5.219164490699768066e-01
-2.452849149703979492e+00
-5.381799936294555664e-01
-1.573700189590454102e+00
-1.176358103752136230e+00
8.901624083518981934e-01
5.555677413940429688e-01
5.274049043655395508e-01
4.828643202781677246e-01
-2.378847599029541016e+00
-1.204420685768127441e+00
-2.453143447637557983e-01
1.666969656944274902e-01
-1.503950357437133789e+00
-1.124252676963806152e+00
8.237934112548828125e-02
4.417935013771057129e-01
-2.013683080673217773e+00
2.204250842332839966e-01
-2.366487085819244385e-01
2.444345951080322266e+00
-2.451849460601806641e+00
-1.091130614280700684e+00
-2.248166501522064209e-01
1.063339645043015480e-03
9.626471400260925293e-01
-1.159094452857971191e+00
1.044064044952392578e+00
-1.519292235374450684e+00
1.749689877033233643e-01
-1.239111125469207764e-01
-6.924360394477844238e-01
-7.247143387794494629e-01
-6.767129898071289062e-01
-7.686961889266967773e-01
-1.233411192893981934e+00
-2.438798993825912476e-01
-1.950714178383350372e-02
9.009229540824890137e-01
5.416520684957504272e-02
-8.155967593193054199e-01
3.647092357277870178e-02
-1.912900567054748535e+00
1.854508072137832642e-01
-1.256080150604248047e+00
-5.383635759353637695e-01
-8.922839760780334473e-01
-3.789200484752655029e-01
6.666806340217590332e-01
-3.240648210048675537e-01
-9.900387525558471680e-01
-1.853533148765563965e+00
1.391947716474533081e-01
3.358838260173797607e-01
2.554748356342315674e-01
3.178879618644714355e-01
8.854753971099853516e-01
-1.358926177024841309e+00
-2.862211763858795166e-01
-1.888916254043579102e+00
-2.029447078704833984e+00
-7.405281811952590942e-02
-3.026463687419891357e-01
-1.807567596435546875e+00
-2.254749298095703125e+00
-1.212416529655456543e+00
-1.267467975616455078e+00
-7.534722089767456055e-01
-1.496540069580078125e+00
-2.839959561824798584e-01
-1.597426980733871460e-01
1.292866826057434082e+00
1.321491152048110962e-01
6.099511384963989258e-01
-2.702025324106216431e-02
1.280325412750244141e+00
1.338573932647705078e+00
-5.876066684722900391e-01
-1.638590097427368164e+00
1.260503172874450684e+00
1.007389903068542480e+00
-4.322109818458557129e-01
4.281834661960601807e-01
6.753330826759338379e-01
-9.149170666933059692e-02
-1.279513955116271973e+00
-1.676940321922302246e+00
2.538215160369873047e+00
6.519354581832885742e-01
-6.386306285858154297e-01
1.018815040588378906e+00
-2.477591514587402344e+00
-4.135959744453430176e-01
-2.738724946975708008e-01
1.483044624328613281e-01
-7.334265112876892090e-01
-4.369295835494995117e-01
-1.164187312126159668e+00
-9.872367382049560547e-01
-1.449503183364868164e+00
-6.936731934547424316e-01
-1.463412880897521973e+00
7.669207453727722168e-01
4.657277166843414307e-01
6.860783100128173828e-01
-3.494034707546234131e-01
6.083872318267822266e-01
-7.903541922569274902e-01
-6.192496418952941895e-02
1.545713990926742554e-01
-1.998698413372039795e-01
-1.068516969680786133e+00
1.333953499794006348e+00
-4.097402989864349365e-01
-1.147273421287536621e+00
8.754295855760574341e-02
