5.323395252227783203e+00
9.763237953186035156e+00
6.694221019744873047e+00
9.751856803894042969e+00
6.554510116577148438e+00
5.595956802368164062e+00
8.968398094177246094e+00
4.280666351318359375e+00
1.142128467559814453e+01
1.043546295166015625e+01
5.581336498260498047e+00
8.877158164978027344e+00
1.772772598266601562e+01
1.817677879333496094e+01
7.982779026031494141e+00
9.106684684753417969e+00
1.562112712860107422e+01
1.003222370147705078e+01
6.062305450439453125e+00
1.648123550415039062e+01
1.384289932250976562e+01
1.548275566101074219e+01
1.480626106262207031e+01
9.928683280944824219e+00
5.831308364868164062e+00
9.266844749450683594e+00
1.071425437927246094e+01
1.561563205718994141e+01
5.848035335540771484e+00
5.667579174041748047e+00
4.367379665374755859e+00
2.023192405700683594e+01
1.977524375915527344e+01
2.335823059082031250e+01
1.043909835815429688e+01
1.113256072998046875e+01
1.382512283325195312e+01
6.989511489868164062e+00
6.538927555084228516e+00
8.444173812866210938e+00
7.605127334594726562e+00
1.366130352020263672e+01
5.586787223815917969e+00
9.721397399902343750e+00
5.833861827850341797e+00
7.948297023773193359e+00
2.055658531188964844e+01
1.192593765258789062e+01
7.807697296142578125e+00
1.089352226257324219e+01
7.718853473663330078e+00
1.194396781921386719e+01
9.959182739257812500e+00
1.649799346923828125e+01
1.820698738098144531e+01
7.796685695648193359e+00
1.163062095642089844e+01
1.110193347930908203e+01
1.235142517089843750e+01
1.577062988281250000e+01
9.546569824218750000e+00
1.514347934722900391e+01
1.213749313354492188e+01
1.880278205871582031e+01
8.481758117675781250e+00
1.246885871887207031e+01
1.291221332550048828e+01
5.028851509094238281e+00
1.294562721252441406e+01
1.050627040863037109e+01
1.723477363586425781e+01
1.297353935241699219e+01
5.295467376708984375e+00
1.507132911682128906e+01
1.288054084777832031e+01
1.070755767822265625e+01
8.771655082702636719e+00
4.280811786651611328e+00
1.199795436859130859e+01
6.433140277862548828e+00
1.077554225921630859e+01
1.242420959472656250e+01
6.570239543914794922e+00
7.999995708465576172e+00
1.676753044128417969e+01
5.016932964324951172e+00
4.666302680969238281e+00
1.616576957702636719e+01
2.188340950012207031e+01
7.985305786132812500e+00
9.997058868408203125e+00
7.210980892181396484e+00
1.325135040283203125e+01
1.001984882354736328e+01
4.537868022918701172e+00
9.123682022094726562e+00
1.704672813415527344e+01
2.071197700500488281e+01
7.948560237884521484e+00
2.592473793029785156e+01
8.463038444519042969e+00
1.489707851409912109e+01
1.513766956329345703e+01
2.408535575866699219e+01
9.696916580200195312e+00
7.116914272308349609e+00
9.996571540832519531e+00
1.098928546905517578e+01
1.536961841583251953e+01
1.203020954132080078e+01
5.019519329071044922e+00
9.395872116088867188e+00
2.387286758422851562e+01
3.164961433410644531e+01
3.256148910522460938e+01
2.345990180969238281e+01
1.346572113037109375e+01
2.416046524047851562e+01
4.773896789550781250e+01
7.443165302276611328e+00
1.228941249847412109e+01
1.911381530761718750e+01
8.318436622619628906e+00
1.386461257934570312e+01
1.184444999694824219e+01
1.206378173828125000e+01
4.452542781829833984e+00
1.312668132781982422e+01
