-2.499192655086517334e-01
-3.742400109767913818e-01
6.059700846672058105e-01
-9.783110022544860840e-01
-1.045732259750366211e+00
6.449095606803894043e-01
-4.955615699291229248e-01
7.899306714534759521e-03
-8.116084933280944824e-01
-1.069308400154113770e+00
-4.336990416049957275e-01
-1.088103294372558594e+00
-5.925112962722778320e-01
-9.324864149093627930e-01
-4.757685363292694092e-01
-8.707419037818908691e-01
-8.669755607843399048e-02
4.106825590133666992e-02
-3.713546395301818848e-01
-1.912125200033187866e-01
-5.931048393249511719e-01
-5.964805483818054199e-01
-2.906199693679809570e-01
-1.827385574579238892e-01
-5.952016711235046387e-01
-4.817316532135009766e-01
-1.081130981445312500e+00
-3.546769618988037109e-01
-1.002139449119567871e+00
-7.717552781105041504e-01
-7.970543205738067627e-02
2.316166460514068604e-01
-3.865971565246582031e-01
-3.827053010463714600e-01
-5.112519860267639160e-01
-3.607671558856964111e-01
-8.166552782058715820e-01
-3.273132145404815674e-01
5.935243517160415649e-02
-9.475643634796142578e-01
-2.190023213624954224e-01
-4.380109310150146484e-01
4.379454255104064941e-01
-6.023494601249694824e-01
-4.383473992347717285e-01
6.911088526248931885e-02
-9.833887815475463867e-01
6.377817392349243164e-01
6.182857155799865723e-01
-2.637617290019989014e-01
-6.591946482658386230e-01
-3.066228628158569336e-01
1.051990762352943420e-01
9.660262465476989746e-01
8.629907369613647461e-01
-5.597106218338012695e-01
-1.320909738540649414e+00
-3.893767297267913818e-02
-5.588927865028381348e-01
-4.343324005603790283e-01
-3.335073888301849365e-01
-5.544866323471069336e-01
-1.017310261726379395e+00
2.637615799903869629e-02
2.096943743526935577e-02
-5.703959465026855469e-01
-5.985999703407287598e-01
-3.265932798385620117e-01
-9.761195629835128784e-02
-1.093535780906677246e+00
-2.824055254459381104e-01
-9.483386576175689697e-02
-1.232507452368736267e-01
-4.426600784063339233e-02
-7.714637517929077148e-01
-2.070716321468353271e-01
-2.816067337989807129e-01
-6.193143725395202637e-01
-6.945811510086059570e-01
-1.881166398525238037e-01
-9.536752104759216309e-01
-1.700377613306045532e-01
-1.283586174249649048e-01
-5.910952091217041016e-01
-3.151932731270790100e-02
-7.675440907478332520e-01
-1.142545700073242188e+00
-7.073217630386352539e-02
-1.436252474784851074e+00
-4.777968227863311768e-01
-6.446181535720825195e-01
-4.123732149600982666e-01
-1.207033872604370117e+00
8.055250644683837891e-01
-6.177080869674682617e-01
-1.122625470161437988e+00
-2.403078228235244751e-01
-8.661102652549743652e-01
-4.212526679039001465e-01
-7.783029228448867798e-02
-3.906019032001495361e-01
-9.462948441505432129e-01
-1.021553158760070801e+00
-1.111269712448120117e+00
-7.915431857109069824e-01
-5.265008211135864258e-01
-8.580999374389648438e-01
-5.852739810943603516e-01
-3.908068537712097168e-01
-1.841919720172882080e-01
-7.284946441650390625e-01
-1.154148697853088379e+00
-9.310858249664306641e-01
-8.062930107116699219e-01
-7.962538003921508789e-01
-1.068340659141540527e+00
3.479199111461639404e-02
-8.638486862182617188e-01
-9.910523891448974609e-01
9.556014835834503174e-02
-6.931574642658233643e-02
1.561377346515655518e-01
-5.350360274314880371e-01
-4.251946806907653809e-01
-1.420664042234420776e-01
1.912960857152938843e-01
-9.371291399002075195e-01
-3.684463500976562500e-01
