-4.020915925502777100e-02
4.453518092632293701e-01
3.367382287979125977e-01
-1.747642159461975098e-01
-8.049805760383605957e-01
2.494067102670669556e-01
5.235694050788879395e-01
-9.072691798210144043e-01
-1.105409860610961914e+00
-6.284944415092468262e-01
-7.468085885047912598e-01
3.264575600624084473e-01
1.040312796831130981e-01
1.053557038307189941e+00
-1.312219023704528809e+00
3.213180303573608398e-01
-1.540967356413602829e-02
-5.007616877555847168e-01
-1.260530501604080200e-01
5.086240172386169434e-01
4.417799413204193115e-01
7.634503841400146484e-01
-8.676683306694030762e-01
-9.884292483329772949e-01
-8.682475239038467407e-02
-9.750283956527709961e-01
1.119318723678588867e+00
1.514130115509033203e+00
2.208447009325027466e-01
1.356320083141326904e-01
-7.515811920166015625e-01
-8.615537285804748535e-01
-1.704373836517333984e+00
2.019409537315368652e-01
-1.156171321868896484e+00
-1.929072290658950806e-02
3.225511014461517334e-01
-7.995088696479797363e-01
-6.838049888610839844e-01
-9.400972127914428711e-01
-1.803125381469726562e+00
-1.019093394279479980e+00
-4.041557610034942627e-01
1.353462696075439453e+00
-1.795040965080261230e+00
-1.641424536705017090e+00
-7.638219594955444336e-01
3.123171329498291016e-01
-8.506220579147338867e-01
-9.228776097297668457e-01
-4.939473867416381836e-01
4.238267242908477783e-01
-8.296871185302734375e-01
-1.374649763107299805e+00
-1.377894043922424316e+00
-3.492478132247924805e-01
-1.393566250801086426e+00
-9.060131758451461792e-02
-1.424927592277526855e+00
9.079293608665466309e-01
-1.198083877563476562e+00
-2.065193414688110352e+00
1.007499814033508301e+00
-6.956091523170471191e-01
-8.730313777923583984e-01
4.261306226253509521e-01
1.427150219678878784e-01
-1.042820215225219727e-01
-1.319712877273559570e+00
1.411411762237548828e-01
-1.606490612030029297e+00
6.316851973533630371e-01
-8.242791295051574707e-01
-1.752926111221313477e+00
-3.141064941883087158e-01
-9.450033307075500488e-01
3.205270767211914062e-01
-9.304848909378051758e-01
-1.394714593887329102e+00
-8.191726803779602051e-01
1.061137676239013672e+00
5.543858408927917480e-01
4.720647633075714111e-01
-3.347115814685821533e-01
1.375647783279418945e+00
-6.750007867813110352e-01
-8.791385889053344727e-01
8.741685152053833008e-01
1.170184493064880371e+00
-1.363678336143493652e+00
-1.220257163047790527e+00
-5.230028629302978516e-01
-1.461045145988464355e-01
-9.814962744712829590e-01
-1.401431560516357422e+00
-1.763612180948257446e-01
1.565694808959960938e+00
-1.139887690544128418e+00
-2.662810087203979492e-01
-8.921198248863220215e-01
-1.144829392433166504e+00
4.557940065860748291e-01
1.422550201416015625e+00
1.023719906806945801e+00
1.408121943473815918e+00
9.622165560722351074e-01
-1.141968488693237305e+00
7.578841447830200195e-01
5.744518637657165527e-01
1.467955708503723145e+00
1.214765086770057678e-01
-9.194204211235046387e-01
5.429993867874145508e-01
-1.371475815773010254e+00
-9.815105199813842773e-01
1.239253997802734375e+00
7.236671447753906250e-01
5.987749099731445312e-01
-6.244823336601257324e-01
3.612419068813323975e-01
-4.936578869819641113e-01
-1.749871730804443359e+00
-8.776314556598663330e-02
-1.427529692649841309e+00
-1.871056079864501953e+00
-1.509113788604736328e+00
-8.572363257408142090e-01
-1.466287970542907715e+00
