7.608570456504821777e-01
9.272358417510986328e-01
8.439117074012756348e-01
9.835339784622192383e-01
5.546592473983764648e-01
1.342956423759460449e+00
2.755452871322631836e+00
1.064580440521240234e+00
6.111428141593933105e-01
1.225379824638366699e+00
7.359470725059509277e-01
8.714159131050109863e-01
1.063137292861938477e+00
1.241451859474182129e+00
4.174069762229919434e-01
7.200530171394348145e-01
1.130636334419250488e+00
6.414175629615783691e-01
8.688892126083374023e-01
7.018259167671203613e-01
4.042218327522277832e-01
9.141073822975158691e-01
1.337492346763610840e+00
8.368762731552124023e-01
7.733165621757507324e-01
4.940223395824432373e-01
9.984419345855712891e-01
1.364920139312744141e+00
9.189555048942565918e-01
1.183779716491699219e+00
1.232209801673889160e+00
8.098946809768676758e-01
8.909335136413574219e-01
6.201106309890747070e-01
7.303979396820068359e-01
5.067428588867187500e+00
2.020762205123901367e+00
4.390249848365783691e-01
7.466683983802795410e-01
1.050085663795471191e+00
9.417026042938232422e-01
5.586198568344116211e-01
5.517671108245849609e-01
2.647524833679199219e+00
3.267405509948730469e+00
2.012839078903198242e+00
6.566808223724365234e-01
5.579288601875305176e-01
6.980075240135192871e-01
9.356382489204406738e-01
8.175942897796630859e-01
1.977446675300598145e+00
5.556634664535522461e-01
5.198785066604614258e-01
2.322232484817504883e+00
9.859847426414489746e-01
2.012384653091430664e+00
1.051598072052001953e+00
9.051185250282287598e-01
4.666700363159179688e-01
7.694825530052185059e-01
1.862966060638427734e+00
1.555895209312438965e+00
1.229900360107421875e+00
