-1.218408495187759399e-01
-7.174103260040283203e-01
-9.045575261116027832e-01
-1.892639845609664917e-01
-2.151198536157608032e-01
1.973051279783248901e-01
-6.141534447669982910e-01
-1.299002528190612793e+00
-3.235848546028137207e-01
-6.737312078475952148e-01
-1.005666971206665039e+00
-7.622612714767456055e-01
-1.025198459625244141e+00
9.763391613960266113e-01
1.025390625000000000e+00
-6.841152906417846680e-01
-1.748702406883239746e+00
-8.680919408798217773e-01
1.342271566390991211e+00
-1.117540597915649414e+00
-9.208061099052429199e-01
-7.149066329002380371e-01
-6.649034619331359863e-01
-1.191218256950378418e+00
-8.444962501525878906e-01
-4.628659784793853760e-01
4.920284748077392578e-01
-9.129711389541625977e-01
-6.116613149642944336e-01
-4.474752843379974365e-01
-9.590371847152709961e-01
-4.272182285785675049e-01
-9.819450974464416504e-01
-7.474126815795898438e-01
-1.333092302083969116e-01
-6.097851395606994629e-01
-9.193384051322937012e-01
-2.727713286876678467e-01
-1.415683627128601074e+00
-8.795858621597290039e-01
4.856905043125152588e-01
-7.033285498619079590e-01
-1.453016042709350586e+00
-1.147552251815795898e+00
1.129139900207519531e+00
-8.020472526550292969e-01
1.825022697448730469e-01
-1.225217700004577637e+00
-7.062025666236877441e-01
-7.968353629112243652e-01
-1.227892875671386719e+00
-1.722441792488098145e+00
-7.702651619911193848e-01
-8.721517920494079590e-01
-1.050104856491088867e+00
-5.154055953025817871e-01
-9.757876396179199219e-01
-9.250894188880920410e-02
-7.012446522712707520e-01
-9.628872275352478027e-01
-2.634028792381286621e-01
-9.509410858154296875e-01
7.383849620819091797e-01
1.117170333862304688e+00
-2.072244137525558472e-01
3.820023536682128906e-01
7.540798187255859375e-01
-5.725766420364379883e-01
1.434247016906738281e+00
-7.644810080528259277e-01
-1.219656914472579956e-01
-1.028283834457397461e+00
-1.613895535469055176e+00
-1.632847428321838379e+00
-9.906324744224548340e-01
5.645014643669128418e-01
-7.798293828964233398e-01
-3.920816481113433838e-01
7.264056801795959473e-01
-1.070102214813232422e+00
-8.841868042945861816e-01
-7.348864078521728516e-01
-3.241543769836425781e-01
-6.594828963279724121e-01
7.912201881408691406e-01
-9.769222736358642578e-01
-1.283365130424499512e+00
-2.088204920291900635e-01
-6.404776573181152344e-01
7.130004167556762695e-01
-7.742617726325988770e-01
-6.197360157966613770e-01
-8.335497379302978516e-01
-3.669824600219726562e-01
-1.591278791427612305e+00
-1.138967275619506836e+00
-5.484315752983093262e-01
9.284231662750244141e-01
-8.994638323783874512e-01
-8.845195770263671875e-01
-8.627132773399353027e-01
-3.967232108116149902e-01
-4.261137843132019043e-01
-7.390649318695068359e-01
2.435345649719238281e-01
1.214893698692321777e+00
-7.215731143951416016e-01
7.241485118865966797e-01
4.604251682758331299e-01
-9.969203472137451172e-01
-2.193302288651466370e-02
-7.824204564094543457e-01
3.896748647093772888e-02
-9.207299351692199707e-01
-8.317404985427856445e-01
-2.682068645954132080e-01
-1.176612496376037598e+00
-5.686364173889160156e-01
-6.058945059776306152e-01
-8.352398276329040527e-01
-3.566904366016387939e-01
6.739126443862915039e-01
-7.241169214248657227e-01
-9.942121505737304688e-01
-1.161022305488586426e+00
-9.478845000267028809e-01
-1.477345347404479980e+00
-2.082102373242378235e-02
1.222271800041198730e+00
-8.723320364952087402e-01
-6.971328258514404297e-01
-4.775453209877014160e-01
8.797712922096252441e-01
-1.329753398895263672e-01
-2.615791797637939453e+00
1.764255285263061523e+00
1.487138509750366211e+00
-1.175487160682678223e+00
-1.422526121139526367e+00
-4.234811663627624512e-01
-1.325125098228454590e+00
-1.282730698585510254e+00
-8.287941105663776398e-03
-8.335469365119934082e-01
-1.045987606048583984e+00
-1.230766057968139648e+00
-3.907228410243988037e-01
1.707171082496643066e+00
-8.540294766426086426e-01
-6.734716296195983887e-01
-8.866068720817565918e-01
3.795500099658966064e-01
-6.986894607543945312e-01
-6.327374577522277832e-01
-6.125786900520324707e-01
-1.210606336593627930e+00
-3.243808746337890625e-01
-6.977708935737609863e-01
-8.079453706741333008e-01
-9.038609862327575684e-01
-5.759418606758117676e-01
-8.022674918174743652e-01
3.906432092189788818e-01
-1.441149115562438965e+00
1.118322730064392090e+00
-8.364512920379638672e-01
-1.696417450904846191e+00
-5.600915551185607910e-01
-8.888357877731323242e-01
-1.270501494407653809e+00
-9.937326312065124512e-01
-1.962826699018478394e-01
-1.004224061965942383e+00
-9.914188981056213379e-01
-6.389394402503967285e-01
-6.754438281059265137e-01
-8.671055436134338379e-01
-1.085167884826660156e+00
-9.700998663902282715e-01
-7.807026505470275879e-01
-6.443608999252319336e-01
1.996957808732986450e-01
7.314763069152832031e-01
-6.000748872756958008e-01
-5.405874252319335938e-01
-3.671190738677978516e-01
-8.667338639497756958e-02
2.595686912536621094e-01
-5.237492322921752930e-01
3.718813955783843994e-01
-9.560669660568237305e-01
1.258960843086242676e+00
-1.026475191116333008e+00
-9.114783406257629395e-01
-1.415276408195495605e+00
-5.307656526565551758e-01
-5.485497117042541504e-01
-6.490527987480163574e-01
-9.104148149490356445e-01
-7.796453237533569336e-01
-6.611292362213134766e-01
-1.161305785179138184e+00
-7.688966393470764160e-01
-4.367133080959320068e-01
-4.996279478073120117e-01
-6.485144495964050293e-01
2.744029276072978973e-02
-8.329842090606689453e-01
-7.077516913414001465e-01
-7.098414897918701172e-01
-1.090136170387268066e+00
-6.226342916488647461e-01
-1.140664696693420410e+00
-3.246754109859466553e-01
-8.575327396392822266e-01
-4.454629421234130859e-01
-1.574608206748962402e+00
-1.133275032043457031e+00
-5.304455757141113281e-01
-1.547602057456970215e+00
-8.667494058609008789e-01
-8.244673013687133789e-01
-6.357217431068420410e-01
-5.660904049873352051e-01
-1.459451168775558472e-01
-7.275471687316894531e-01
-1.472766399383544922e-01
-1.552444789558649063e-02
-1.315897226333618164e+00
8.621044158935546875e-01
-1.010676383972167969e+00
-1.143660902976989746e+00
-8.009839653968811035e-01
3.258456289768218994e-01
-8.898304700851440430e-01
1.216742277145385742e+00
-1.356660842895507812e+00
-6.752672791481018066e-01
-7.737873196601867676e-01
-1.236583471298217773e+00
-1.001683831214904785e+00
-5.175907611846923828e-01
-3.591082990169525146e-01
-6.558355093002319336e-01
-8.902905583381652832e-01
-5.310668945312500000e-01
-8.112319111824035645e-01
4.138228017836809158e-03
-2.780599594116210938e-01
3.191552162170410156e-01
-6.474658250808715820e-01
-9.361923485994338989e-02
-7.864562869071960449e-01
-1.113942265510559082e+00
-7.611851096153259277e-01
-6.899047493934631348e-01
