1.500784009695053101e-01
1.657909452915191650e-01
3.465765714645385742e-01
1.860667914152145386e-01
6.822197884321212769e-02
2.282367795705795288e-01
5.797506123781204224e-02
3.067872524261474609e-01
1.941232383251190186e-01
1.137007921934127808e-01
1.490695327520370483e-01
6.723254173994064331e-02
1.188030689954757690e-01
1.665236651897430420e-01
2.603397071361541748e-01
1.469876766204833984e-01
1.109133139252662659e-01
1.940661519765853882e-01
1.941161006689071655e-01
1.718645840883255005e-01
7.485558092594146729e-02
7.336977869272232056e-02
2.207784205675125122e-01
8.642806112766265869e-02
1.766983121633529663e-01
1.247837394475936890e-01
2.857672870159149170e-01
8.226028829813003540e-02
2.927041053771972656e-01
5.908391252160072327e-02
4.113361537456512451e-01
2.666217386722564697e-01
8.774220943450927734e-02
2.654314339160919189e-01
8.459838479757308960e-02
1.520584970712661743e-01
2.127730846405029297e-01
2.795443236827850342e-01
1.196042448282241821e-01
1.418568938970565796e-01
1.746819764375686646e-01
7.542978227138519287e-02
1.515830606222152710e-01
2.148172557353973389e-01
1.395401805639266968e-01
2.500460743904113770e-01
2.885822951793670654e-01
2.147663980722427368e-01
2.197051495313644409e-01
2.558399438858032227e-01
1.652692705392837524e-01
1.082251295447349548e-01
6.579036116600036621e-01
2.376224398612976074e-01
7.921506464481353760e-02
1.677552610635757446e-01
1.760115623474121094e-01
7.606921344995498657e-02
1.277422308921813965e-01
1.080784499645233154e-01
1.484332233667373657e-01
6.361145526170730591e-02
1.625594645738601685e-01
2.683008909225463867e-01
2.041343897581100464e-01
1.540442556142807007e-01
2.313721328973770142e-01
1.536258757114410400e-01
3.598994910717010498e-01
4.545284435153007507e-02
6.316355615854263306e-02
9.702508896589279175e-02
2.087815850973129272e-01
2.444196641445159912e-01
1.335715651512145996e-01
2.080277651548385620e-01
2.832852005958557129e-01
1.735682040452957153e-01
1.026587262749671936e-01
1.703164875507354736e-01
9.072875976562500000e-02
2.170390337705612183e-01
2.629908323287963867e-01
2.621913254261016846e-01
1.433837264776229858e-01
1.709161698818206787e-01
1.298623681068420410e-01
1.526433080434799194e-01
1.775736957788467407e-01
9.214107692241668701e-02
7.388010621070861816e-02
1.855130493640899658e-01
1.697520613670349121e-01
8.883508294820785522e-02
1.064749434590339661e-01
5.456638932228088379e-01
1.315462887287139893e-01
1.134364753961563110e-01
1.981783956289291382e-01
1.039114072918891907e-01
1.116022095084190369e-01
1.942960619926452637e-01
8.252690732479095459e-02
1.324319839477539062e-01
1.942775398492813110e-01
9.707614034414291382e-02
1.059082224965095520e-01
2.022539377212524414e-01
1.113520935177803040e-01
6.907702237367630005e-02
3.645203113555908203e-01
2.403597831726074219e-01
1.510089337825775146e-01
2.698153853416442871e-01
2.771384716033935547e-01
4.843111708760261536e-02
3.366672620177268982e-02
1.238780170679092407e-01
1.370812356472015381e-01
1.840148717164993286e-01
1.310167461633682251e-01
2.513110935688018799e-01
1.013591364026069641e-01
2.245289683341979980e-01
1.144189164042472839e-01
6.213740259408950806e-02
1.026311665773391724e-01
7.247147709131240845e-02
1.702572405338287354e-01
4.466699808835983276e-02
1.860976815223693848e-01
3.510729670524597168e-01
7.524507492780685425e-02
9.496352821588516235e-02
1.445773094892501831e-01
1.929357200860977173e-01
2.414684295654296875e-01
2.220111191272735596e-01
1.133240088820457458e-01
5.861160531640052795e-02
1.219739690423011780e-01
2.711456418037414551e-01
2.583685815334320068e-01
4.836298152804374695e-02
3.393331468105316162e-01
2.285252511501312256e-01
1.448302417993545532e-01
7.762318849563598633e-02
1.437370777130126953e-01
1.461365520954132080e-01
1.776501983404159546e-01
3.618895709514617920e-01
1.691289544105529785e-01
4.823632165789604187e-02
1.009956672787666321e-01
2.778493463993072510e-01
2.076344490051269531e-01
1.692246496677398682e-01
3.560207486152648926e-01
2.812842726707458496e-01
2.665370106697082520e-01
1.648398637771606445e-01
2.368501573801040649e-01
5.292097106575965881e-02
1.315361261367797852e-01
7.315544784069061279e-02
2.073803842067718506e-01
9.210139513015747070e-02
2.902888655662536621e-01
1.653215587139129639e-01
1.933750957250595093e-01
9.346355497837066650e-02
1.340846717357635498e-01
1.183922439813613892e-01
2.352281957864761353e-01
1.267374753952026367e-01
1.621551960706710815e-01
1.628642231225967407e-01
2.057709544897079468e-01
2.886827886104583740e-01
1.987776607275009155e-01
2.252605259418487549e-01
1.318980902433395386e-01
1.910573542118072510e-01
2.249208688735961914e-01
1.642326116561889648e-01
1.374936699867248535e-01
1.494806706905364990e-01
2.134172320365905762e-01
1.092413291335105896e-01
3.309303522109985352e-01
2.151942104101181030e-01
1.270366162061691284e-01
1.545650959014892578e-01
1.374198049306869507e-01
7.666002213954925537e-02
1.522327810525894165e-01
1.694463640451431274e-01
2.004366815090179443e-01
2.773657739162445068e-01
3.806159198284149170e-01
1.158757209777832031e-01
2.102088481187820435e-01
1.982151418924331665e-01
1.560918539762496948e-01
6.847710162401199341e-02
4.875971376895904541e-02
1.269033998250961304e-01
1.818973571062088013e-01
1.785022765398025513e-01
3.411274552345275879e-01
9.454073756933212280e-02
6.812035292387008667e-02
3.125473558902740479e-01
1.266258656978607178e-01
3.010082840919494629e-01
1.095333546400070190e-01
1.762615889310836792e-01
4.788883402943611145e-02
2.208634912967681885e-01
2.233017385005950928e-01
1.393990814685821533e-01
1.283792853355407715e-01
2.573044598102569580e-01
2.847420573234558105e-01
1.128463596105575562e-01
2.387881577014923096e-01
2.447938024997711182e-01
9.258949756622314453e-02
5.572967976331710815e-02
7.732228934764862061e-02
3.463601171970367432e-01
3.304080292582511902e-02
5.289132893085479736e-02
6.818714737892150879e-02
3.357238173484802246e-01
2.162098884582519531e-01
4.331572353839874268e-01
1.400206983089447021e-01
1.642299294471740723e-01
1.904587447643280029e-01
1.204359754920005798e-01
7.731757313013076782e-02
6.985129415988922119e-02
1.416290551424026489e-01
8.506513386964797974e-02
1.555876135826110840e-01
1.869218498468399048e-01
2.439400106668472290e-01
1.657155007123947144e-01
1.901096254587173462e-01
6.601444482803344727e-01
1.616452783346176147e-01
1.482216864824295044e-01
1.879502981901168823e-01
1.731555312871932983e-01
3.766562044620513916e-02
1.852811276912689209e-01
5.238562822341918945e-02
8.138394355773925781e-02
2.584374845027923584e-01
3.211274147033691406e-01
1.534199863672256470e-01
1.665498614311218262e-01
1.461743712425231934e-01
8.359548449516296387e-02
1.507147401571273804e-01
1.835851520299911499e-01
1.333790570497512817e-01
2.241266071796417236e-01
1.981966942548751831e-01
1.372109055519104004e-01
1.287607103586196899e-01
1.221074908971786499e-01
7.248777151107788086e-02
7.443477958440780640e-02
3.258418738842010498e-01
2.721630930900573730e-01
2.462316900491714478e-01
2.788616716861724854e-01
1.780616044998168945e-01
7.205435633659362793e-02
1.053453087806701660e-01
1.380591690540313721e-01
2.063519805669784546e-01
1.407621800899505615e-01
1.640162765979766846e-01
1.839246004819869995e-01
2.183983176946640015e-01
3.732343912124633789e-01
1.308239102363586426e-01
9.434183686971664429e-02
6.054709106683731079e-02
1.776961982250213623e-01
1.661973893642425537e-01
1.409654319286346436e-01
6.380449980497360229e-02
1.316862553358078003e-01
9.544517099857330322e-02
6.012002006173133850e-02
8.178250491619110107e-02
1.475724428892135620e-01
3.676816448569297791e-02
1.218433454632759094e-01
1.570322513580322266e-01
3.112456798553466797e-01
1.569270789623260498e-01
2.100557535886764526e-01
2.715981006622314453e-01
1.613867282867431641e-01
2.628795802593231201e-01
1.321837157011032104e-01
4.088940843939781189e-02
1.948383599519729614e-01
3.709530830383300781e-01
1.568475663661956787e-01
2.185614258050918579e-01
4.771089255809783936e-01
4.861815869808197021e-01
5.646093934774398804e-02
1.186932176351547241e-01
1.880771219730377197e-01
1.343553960323333740e-01
2.225478589534759521e-01
2.323019355535507202e-01
5.653826519846916199e-02
1.335289329290390015e-01
2.058808505535125732e-01
2.183063477277755737e-01
2.439765930175781250e-01
2.142361700534820557e-01
2.011329531669616699e-01
3.114408552646636963e-01
1.406790912151336670e-01
1.608473807573318481e-01
2.691029012203216553e-01
1.267324537038803101e-01
2.650309503078460693e-01
1.711337715387344360e-01
3.593249619007110596e-01
2.011736333370208740e-01
3.118547201156616211e-01
1.871383786201477051e-01
7.569131255149841309e-02
1.032321825623512268e-01
1.025036424398422241e-01
1.485570818185806274e-01
1.224006861448287964e-01
1.435211300849914551e-01
2.090719640254974365e-01
2.445142567157745361e-01
2.112046033143997192e-01
7.395540177822113037e-02
2.760911583900451660e-01
6.659357994794845581e-02
3.890544176101684570e-02
9.240394085645675659e-02
2.431973367929458618e-01
1.845300793647766113e-01
2.054156512022018433e-01
1.213660612702369690e-01
2.253329008817672729e-01
2.829309105873107910e-01
6.030716747045516968e-02
7.878614217042922974e-02
8.197658509016036987e-02
1.491900235414505005e-01
1.373948752880096436e-01
1.795096844434738159e-01
3.934394195675849915e-02
4.223840683698654175e-02
9.056167304515838623e-02
5.820948258042335510e-02
8.858264982700347900e-02
1.209571138024330139e-01
3.107664547860622406e-02
4.534958302974700928e-01
1.529657542705535889e-01
1.301929056644439697e-01
2.517144083976745605e-01
1.549993157386779785e-01
4.964488446712493896e-01
2.898278832435607910e-01
1.193871125578880310e-01
3.531216979026794434e-01
2.203336209058761597e-01
1.437320411205291748e-01
1.439405232667922974e-01
9.874641150236129761e-02
6.892845779657363892e-02
2.633355259895324707e-01
1.817514151334762573e-01
1.257751286029815674e-01
9.692158550024032593e-02
1.399284154176712036e-01
1.858751326799392700e-01
2.012626081705093384e-01
1.264920234680175781e-01
1.436492502689361572e-01
1.776389777660369873e-01
1.993474513292312622e-01
4.848741367459297180e-02
1.386191099882125854e-01
4.151184558868408203e-01
2.434827685356140137e-01
1.244215592741966248e-01
7.855044305324554443e-02
2.275811880826950073e-01
1.648936718702316284e-01
1.772035956382751465e-01
1.399839222431182861e-01
4.608326256275177002e-01
5.898877605795860291e-02
1.777918487787246704e-01
7.383699715137481689e-02
1.247693076729774475e-01
8.482820540666580200e-02
1.333453804254531860e-01
1.805898696184158325e-01
3.166268765926361084e-01
2.150315940380096436e-01
1.021491363644599915e-01
3.075520396232604980e-01
1.399080753326416016e-01
1.631211489439010620e-01
1.097500547766685486e-01
1.145127490162849426e-01
1.099009513854980469e-01
4.859041795134544373e-02
1.685002148151397705e-01
1.805862933397293091e-01
1.779298186302185059e-01
1.805930286645889282e-01
1.455892026424407959e-01
1.672929972410202026e-01
8.450465649366378784e-02
2.287147343158721924e-01
2.964464426040649414e-01
9.175466746091842651e-02
1.577468514442443848e-01
1.375351101160049438e-01
1.374041587114334106e-01
1.139361485838890076e-01
7.189869880676269531e-02
1.742988526821136475e-01
4.323466718196868896e-01
2.294850647449493408e-01
2.970114946365356445e-01
1.470777988433837891e-01
6.106611341238021851e-02
1.051473096013069153e-01
3.309588134288787842e-02
1.834949105978012085e-01
5.281797051429748535e-02
1.867622286081314087e-01
1.225396618247032166e-01
9.420479834079742432e-02
2.977783679962158203e-01
1.138102263212203979e-01
3.213024139404296875e-01
2.055618464946746826e-01
8.642582595348358154e-02
7.362417131662368774e-02
2.215779572725296021e-01
3.167070150375366211e-01
5.007969960570335388e-02
1.579757183790206909e-01
1.954734921455383301e-01
3.511041700839996338e-01
3.297756612300872803e-02
1.398077160120010376e-01
2.444623857736587524e-01
1.435335278511047363e-01
8.439660072326660156e-02
3.407379686832427979e-01
1.826578378677368164e-01
8.862253278493881226e-02
9.780450910329818726e-02
4.470947384834289551e-01
8.732277899980545044e-02
7.416627556085586548e-02
2.873595654964447021e-01
3.024773597717285156e-01
1.266394257545471191e-01
1.246554926037788391e-01
9.124258160591125488e-02
5.238136053085327148e-01
1.927139461040496826e-01
1.448349058628082275e-01
1.151187121868133545e-01
1.112394779920578003e-01
2.931475341320037842e-01
1.869605183601379395e-01
2.793129682540893555e-01
2.069171518087387085e-01
2.126548886299133301e-01
1.844099462032318115e-01
1.321189552545547485e-01
3.250925242900848389e-01
8.356668055057525635e-02
1.624922305345535278e-01
5.534571409225463867e-02
3.958783447742462158e-01
6.632997840642929077e-02
1.045420318841934204e-01
1.924914270639419556e-01
2.746550738811492920e-01
1.264989376068115234e-01
3.234516084194183350e-01
1.493326425552368164e-01
3.127822875976562500e-01
1.987858861684799194e-01
2.530622482299804688e-01
1.180072277784347534e-01
1.426669210195541382e-01
7.031010836362838745e-02
2.282749563455581665e-01
1.534553170204162598e-01
2.508228421211242676e-01
6.953562051057815552e-02
1.527594774961471558e-01
2.089506685733795166e-01
1.795912384986877441e-01
2.496617585420608521e-01
2.022032290697097778e-01
1.413662582635879517e-01
3.048325777053833008e-01
9.690006077289581299e-02
8.886873722076416016e-02
6.539317220449447632e-02
2.927968204021453857e-01
2.028903514146804810e-01
3.019041121006011963e-01
2.196109294891357422e-01
1.130320951342582703e-01
1.667646914720535278e-01
2.810458242893218994e-01
1.249912604689598083e-01
4.088468849658966064e-01
3.692217469215393066e-01
2.194196134805679321e-01
3.189146220684051514e-01
1.978086978197097778e-01
1.889937371015548706e-01
2.234829068183898926e-01
1.228508427739143372e-01
2.139485478401184082e-01
2.551368176937103271e-01
4.452278837561607361e-02
3.049919903278350830e-01
2.111019194126129150e-01
2.179107069969177246e-01
7.902912050485610962e-02
2.085252553224563599e-01
1.510044634342193604e-01
1.524904817342758179e-01
1.749400347471237183e-01
2.726950347423553467e-01
9.984707832336425781e-02
9.342104196548461914e-02
2.487506419420242310e-01
1.904419809579849243e-01
1.120341122150421143e-01
3.828561604022979736e-01
9.207899868488311768e-02
1.717088222503662109e-01
1.843646466732025146e-01
1.767972707748413086e-01
1.595778316259384155e-01
1.868621557950973511e-01
1.309026032686233521e-01
2.264824658632278442e-01
1.617864817380905151e-01
2.144314348697662354e-01
3.748717904090881348e-01
7.065492868423461914e-02
1.088972687721252441e-01
1.923532187938690186e-01
1.104077324271202087e-01
1.017657294869422913e-01
3.993635997176170349e-02
7.780490815639495850e-02
1.168570145964622498e-01
1.084444895386695862e-01
2.762301266193389893e-01
1.992638856172561646e-01
2.048240453004837036e-01
7.164147496223449707e-02
1.437088698148727417e-01
1.924403011798858643e-01
1.108558699488639832e-01
1.526490598917007446e-01
1.400521099567413330e-01
1.198920607566833496e-01
1.085977554321289062e-01
1.360665261745452881e-01
3.898908197879791260e-02
9.041997790336608887e-02
1.637567281723022461e-01
1.765489876270294189e-01
5.444204062223434448e-02
2.158243954181671143e-01
2.462129890918731689e-01
2.214407622814178467e-01
1.222290545701980591e-01
1.894773691892623901e-01
1.293779760599136353e-01
6.639153510332107544e-02
1.448361277580261230e-01
4.858288913965225220e-02
6.742560863494873047e-02
3.825309872627258301e-01
2.158559858798980713e-01
7.710774242877960205e-02
2.255238592624664307e-01
2.049557119607925415e-01
1.554313898086547852e-01
5.860050395131111145e-02
8.249491453170776367e-02
1.590863317251205444e-01
3.244138658046722412e-01
9.661693125963211060e-02
1.415490955114364624e-01
1.968573182821273804e-01
2.214601039886474609e-01
1.364795863628387451e-01
2.434731423854827881e-01
2.560244202613830566e-01
1.372750997543334961e-01
8.708526939153671265e-02
5.165529996156692505e-02
1.058602854609489441e-01
1.203144937753677368e-01
6.258396059274673462e-02
1.722482144832611084e-01
1.394900083541870117e-01
1.097344085574150085e-01
1.833425164222717285e-01
6.570582091808319092e-02
2.424765527248382568e-01
2.087592482566833496e-01
1.540015041828155518e-01
7.080508023500442505e-02
1.682520359754562378e-01
9.795062243938446045e-02
1.278440654277801514e-01
1.735010594129562378e-01
1.289895921945571899e-01
1.127033829689025879e-01
1.841143220663070679e-01
1.092236563563346863e-01
2.030347138643264771e-01
1.200206950306892395e-01
2.437024712562561035e-01
3.764466345310211182e-01
1.277209073305130005e-01
2.145760953426361084e-01
1.116479784250259399e-01
2.457353174686431885e-01
2.679250538349151611e-01
4.409013688564300537e-02
1.815565824508666992e-01
4.130723178386688232e-01
2.400779277086257935e-01
8.546817302703857422e-02
1.442728787660598755e-01
1.061619073152542114e-01
7.882783561944961548e-02
5.904757976531982422e-02
2.306696325540542603e-01
5.716139823198318481e-02
3.321731388568878174e-01
1.364662796258926392e-01
2.651399075984954834e-01
1.010513603687286377e-01
1.845320761203765869e-01
5.592241138219833374e-02
1.849027425050735474e-01
1.028777509927749634e-01
2.256232649087905884e-01
2.009543925523757935e-01
1.927166730165481567e-01
1.516549140214920044e-01
1.847305744886398315e-01
5.925845354795455933e-02
7.550515979528427124e-02
2.485977709293365479e-01
5.986728146672248840e-02
2.090280950069427490e-01
2.514861822128295898e-01
2.427155077457427979e-01
1.259813755750656128e-01
1.526356488466262817e-01
2.167637348175048828e-01
3.783350810408592224e-02
9.019953012466430664e-02
1.332181990146636963e-01
1.583335399627685547e-01
3.177419304847717285e-01
2.081468254327774048e-01
5.969969555735588074e-02
8.828023076057434082e-02
4.867072105407714844e-01
8.925519883632659912e-02
5.330781340599060059e-01
1.555034965276718140e-01
1.667234897613525391e-01
1.131293624639511108e-01
2.815470695495605469e-01
2.901175022125244141e-01
1.234103441238403320e-01
1.788973510265350342e-01
2.493627369403839111e-01
1.634324789047241211e-01
2.097504585981369019e-01
2.861384451389312744e-01
1.147221103310585022e-01
1.693265438079833984e-01
1.285144239664077759e-01
3.189135789871215820e-01
1.763540506362915039e-01
9.357563406229019165e-02
2.286255955696105957e-01
6.197360903024673462e-02
1.321023553609848022e-01
1.360539495944976807e-01
8.507935702800750732e-02
1.324894875288009644e-01
2.230105847120285034e-01
1.352581083774566650e-01
2.654162049293518066e-01
2.323132157325744629e-01
1.471327841281890869e-01
8.830635249614715576e-02
2.220634073019027710e-01
2.877232134342193604e-01
7.802066951990127563e-02
1.381375789642333984e-01
1.306682527065277100e-01
2.664130032062530518e-01
6.864181905984878540e-02
9.953477233648300171e-02
2.325291037559509277e-01
6.165758892893791199e-02
1.041673272848129272e-01
1.522984057664871216e-01
1.167000532150268555e-01
1.034991666674613953e-01
1.271470934152603149e-01
1.605008244514465332e-01
1.492142379283905029e-01
1.131990551948547363e-01
2.161545902490615845e-01
2.881729006767272949e-01
8.214120566844940186e-02
3.645133227109909058e-02
2.013114541769027710e-01
1.821926236152648926e-01
6.124299019575119019e-02
1.534292548894882202e-01
1.625657379627227783e-01
2.139450460672378540e-01
1.454054415225982666e-01
9.986540675163269043e-02
1.454785764217376709e-01
1.200435236096382141e-01
1.408884078264236450e-01
3.150371834635734558e-02
1.362530291080474854e-01
1.195329427719116211e-01
2.548713088035583496e-01
2.337255477905273438e-01
2.035655230283737183e-01
1.336576491594314575e-01
1.082356646656990051e-01
1.242199018597602844e-01
1.216680556535720825e-01
5.294610559940338135e-02
1.245766207575798035e-01
2.164283394813537598e-01
2.028032690286636353e-01
1.899464130401611328e-01
3.385901153087615967e-01
1.224317774176597595e-01
1.187734901905059814e-01
2.674385309219360352e-01
2.083907425403594971e-01
1.491634547710418701e-01
1.267210096120834351e-01
1.867165267467498779e-01
1.811686307191848755e-01
7.682841271162033081e-02
1.658900976181030273e-01
2.113295197486877441e-01
1.887435615062713623e-01
7.299638539552688599e-02
5.684007704257965088e-02
1.951480507850646973e-01
6.205744668841362000e-02
3.372792601585388184e-01
1.355952620506286621e-01
2.210168093442916870e-01
9.638638794422149658e-02
2.967137992382049561e-01
9.049838781356811523e-02
2.386187911033630371e-01
8.126102387905120850e-02
2.150063365697860718e-01
2.024598121643066406e-01
1.278191953897476196e-01
2.944503426551818848e-01
1.954635381698608398e-01
2.071089297533035278e-01
1.084777712821960449e-01
2.034783810377120972e-01
1.527912616729736328e-01
1.646702736616134644e-01
1.966389566659927368e-01
8.633733540773391724e-02
6.818753480911254883e-02
2.539056539535522461e-01
2.127384841442108154e-01
1.247517094016075134e-01
1.039323583245277405e-01
1.162160187959671021e-01
4.767733067274093628e-02
2.562798261642456055e-01
2.604063749313354492e-01
2.903835177421569824e-01
8.351971954107284546e-02
1.477268636226654053e-01
2.498831301927566528e-01
1.555694341659545898e-01
2.042307257652282715e-01
1.442158967256546021e-01
1.671495437622070312e-01
8.967650681734085083e-02
5.474237725138664246e-02
2.643476724624633789e-01
1.525119096040725708e-01
2.181508243083953857e-01
1.212084367871284485e-01
1.444471031427383423e-01
2.001439929008483887e-01
6.401475518941879272e-02
1.359140723943710327e-01
1.358037739992141724e-01
1.519086211919784546e-01
1.139146089553833008e-01
1.420335471630096436e-01
1.785938143730163574e-01
1.692905575037002563e-01
1.491814404726028442e-01
1.921694725751876831e-01
2.343566119670867920e-01
2.517593801021575928e-01
6.091167032718658447e-02
4.801403582096099854e-01
1.227882653474807739e-01
9.912792593240737915e-02
3.809523880481719971e-01
3.235331177711486816e-01
6.787591427564620972e-02
2.538112103939056396e-01
1.653895527124404907e-01
1.823835819959640503e-01
2.198284715414047241e-01
1.928424388170242310e-01
2.607500553131103516e-01
6.461928039789199829e-02
1.069489195942878723e-01
1.721056103706359863e-01
2.021883726119995117e-01
4.372509196400642395e-02
2.220208197832107544e-01
3.030511736869812012e-01
3.816118538379669189e-01
2.124766260385513306e-01
5.152660608291625977e-01
4.022434651851654053e-01
1.113714128732681274e-01
1.118180230259895325e-01
8.970493823289871216e-02
1.626308709383010864e-01
3.363544344902038574e-01
1.667101830244064331e-01
1.656137853860855103e-01
1.345675438642501831e-01
4.577388986945152283e-02
1.283765435218811035e-01
3.295044004917144775e-01
3.061556220054626465e-01
2.190710306167602539e-01
1.911199688911437988e-01
1.308601796627044678e-01
2.688027918338775635e-01
1.516544222831726074e-01
8.680971711874008179e-02
1.608263701200485229e-01
2.557381689548492432e-01
1.199352890253067017e-01
2.853075861930847168e-01
2.944165468215942383e-01
1.744091957807540894e-01
2.781691849231719971e-01
2.092326283454895020e-01
7.204838842153549194e-02
2.562081515789031982e-01
3.418517112731933594e-02
8.694795519113540649e-02
9.815739840269088745e-02
2.065441161394119263e-01
1.757132112979888916e-01
1.728896945714950562e-01
1.769014149904251099e-01
2.370167672634124756e-01
1.311018913984298706e-01
2.863222062587738037e-01
1.628280878067016602e-01
9.855996072292327881e-02
1.972244679927825928e-01
2.646925747394561768e-01
5.226163566112518311e-02
6.075741723179817200e-02
3.662676215171813965e-01
1.449890434741973877e-01
1.206541433930397034e-01
7.585347443819046021e-02
1.580456197261810303e-01
2.370449453592300415e-01
2.311834692955017090e-01
1.353287249803543091e-01
1.784265637397766113e-01
1.138790547847747803e-01
1.219302266836166382e-01
1.321810334920883179e-01
2.903947234153747559e-01
4.416061192750930786e-02
2.600690126419067383e-01
1.895215660333633423e-01
1.701963245868682861e-01
1.628821194171905518e-01
3.151497542858123779e-01
2.234538346529006958e-01
3.493761420249938965e-01
1.769608855247497559e-01
1.138526648283004761e-01
2.269152402877807617e-01
1.711001247167587280e-01
1.493824273347854614e-01
2.888980805873870850e-01
8.176290988922119141e-02
1.015898808836936951e-01
3.800040856003761292e-02
2.074237614870071411e-01
1.841057538986206055e-01
2.064676880836486816e-01
6.447953730821609497e-02
1.242882981896400452e-01
3.056769967079162598e-01
1.137188151478767395e-01
1.056621670722961426e-01
2.234240174293518066e-01
1.850148141384124756e-01
2.628717720508575439e-01
2.233041375875473022e-01
2.656565010547637939e-01
1.047924086451530457e-01
7.361436635255813599e-02
4.445599019527435303e-02
3.745396435260772705e-01
1.899161338806152344e-01
1.234390884637832642e-01
2.324755042791366577e-01
2.021257579326629639e-01
2.270494550466537476e-01
2.668419480323791504e-01
4.648457467555999756e-01
6.191981583833694458e-02
2.023158669471740723e-01
1.808662116527557373e-01
2.236313670873641968e-01
5.500575527548789978e-02
3.541890680789947510e-01
2.556066513061523438e-01
1.263977140188217163e-01
2.162415385246276855e-01
7.357800751924514771e-02
2.179220318794250488e-01
1.369867324829101562e-01
2.870860993862152100e-01
3.085150718688964844e-01
7.532577961683273315e-02
2.015957832336425781e-01
2.011117935180664062e-01
2.090770453214645386e-01
1.665655374526977539e-01
2.906744480133056641e-01
1.533996313810348511e-01
1.869802027940750122e-01
1.022717356681823730e-01
3.777239844202995300e-02
2.374107688665390015e-01
2.939291298389434814e-01
1.757981181144714355e-01
1.929832398891448975e-01
1.213330477476119995e-01
1.492474377155303955e-01
2.884441912174224854e-01
5.965580046176910400e-02
5.346712470054626465e-02
1.755112111568450928e-01
1.919021457433700562e-01
4.411894083023071289e-01
1.468643397092819214e-01
1.778814643621444702e-01
1.569275259971618652e-01
2.140654772520065308e-01
7.437269389629364014e-02
2.107403129339218140e-01
1.812169849872589111e-01
1.283804029226303101e-01
6.115162372589111328e-02
3.432360291481018066e-01
