3.132071971893310547e+00
2.915760040283203125e+00
2.457056283950805664e+00
1.565840125083923340e+00
2.438904047012329102e+00
3.790242671966552734e+00
3.476509094238281250e+00
1.525363802909851074e+00
2.065604925155639648e+00
1.103327751159667969e+00
1.469488739967346191e+00
6.392868041992187500e+00
2.322193384170532227e+00
1.821165084838867188e+00
2.685561895370483398e+00
4.070587635040283203e+00
8.581153750419616699e-01
1.624001145362854004e+00
2.763881444931030273e+00
1.585673809051513672e+00
5.265179634094238281e+00
2.839906692504882812e+00
2.382239580154418945e+00
3.312126874923706055e+00
2.449566841125488281e+00
2.782973289489746094e+00
5.910165786743164062e+00
1.992753148078918457e+00
6.125166893005371094e+00
2.720511436462402344e+00
2.862651824951171875e+00
3.092454195022583008e+00
1.119101762771606445e+00
2.625333547592163086e+00
8.329125046730041504e-01
3.243241786956787109e+00
2.216753244400024414e+00
3.218322515487670898e+00
2.406797885894775391e+00
1.730852842330932617e+00
3.611109256744384766e+00
3.211377143859863281e+00
3.239481449127197266e+00
4.054790496826171875e+00
1.984725236892700195e+00
4.581257820129394531e+00
1.745338797569274902e+00
1.652565002441406250e+00
1.832835674285888672e+00
1.621529579162597656e+00
3.334796667098999023e+00
2.161391496658325195e+00
2.734321355819702148e+00
2.939449787139892578e+00
2.055236577987670898e+00
2.063997983932495117e+00
2.759981632232666016e+00
1.427523612976074219e+00
1.522000908851623535e+00
3.463250875473022461e+00
4.626358509063720703e+00
1.531730890274047852e+00
1.951115369796752930e+00
6.451981067657470703e+00
2.472028970718383789e+00
3.037488937377929688e+00
3.532541036605834961e+00
4.262759208679199219e+00
2.619876623153686523e+00
1.648020386695861816e+00
1.365142107009887695e+00
3.401864290237426758e+00
3.567335844039916992e+00
1.931211948394775391e+00
1.334395051002502441e+00
3.401486873626708984e+00
4.076797962188720703e+00
1.816994309425354004e+00
2.799227237701416016e+00
2.861909627914428711e+00
3.303065061569213867e+00
3.565906047821044922e+00
2.242455959320068359e+00
3.353372573852539062e+00
1.444797754287719727e+00
7.496665477752685547e+00
1.978536009788513184e+00
7.259340286254882812e-01
2.174974918365478516e+00
1.637219429016113281e+00
1.935371160507202148e+00
3.108317852020263672e+00
2.448699712753295898e+00
2.587080478668212891e+00
3.069881439208984375e+00
3.084677457809448242e+00
2.394291162490844727e+00
2.315688371658325195e+00
1.235963702201843262e+00
2.727376699447631836e+00
4.102940559387207031e+00
1.665387034416198730e+00
3.791262388229370117e+00
2.381906032562255859e+00
2.227216243743896484e+00
1.512937068939208984e+00
9.528752565383911133e-01
4.649863243103027344e+00
2.402828216552734375e+00
1.673460125923156738e+00
2.265761852264404297e+00
2.520411729812622070e+00
2.780709505081176758e+00
2.661906957626342773e+00
2.888888359069824219e+00
3.416766166687011719e+00
3.783920764923095703e+00
1.498664498329162598e+00
1.509415864944458008e+00
2.512213468551635742e+00
1.711683154106140137e+00
4.766866207122802734e+00
3.842810392379760742e+00
2.501306772232055664e+00
2.855562686920166016e+00
4.934661388397216797e+00
2.825983047485351562e+00
2.902779579162597656e+00
4.221414089202880859e+00
3.424038171768188477e+00
2.086476802825927734e+00
2.371895551681518555e+00
2.360158681869506836e+00
1.835172533988952637e+00
1.987293362617492676e+00
4.336677074432373047e+00
2.969238042831420898e+00
3.478111028671264648e+00
3.207940816879272461e+00
3.634767055511474609e+00
2.014810323715209961e+00
2.286216497421264648e+00
2.941519975662231445e+00
3.411189794540405273e+00
4.892467975616455078e+00
2.136426687240600586e+00
3.941907644271850586e+00
1.750072240829467773e+00
2.790736913681030273e+00
4.220021724700927734e+00
2.448881864547729492e+00
1.521468400955200195e+00
1.814046144485473633e+00
2.636199951171875000e+00
4.930108070373535156e+00
3.050024747848510742e+00
1.904646158218383789e+00
2.248092889785766602e+00
1.713156104087829590e+00
1.257484912872314453e+00
2.291559696197509766e+00
2.205658912658691406e+00
4.577926635742187500e+00
9.386565685272216797e-01
1.495326876640319824e+00
2.542794704437255859e+00
3.596329927444458008e+00
2.683152198791503906e+00
2.837008714675903320e+00
2.568245172500610352e+00
3.103892087936401367e+00
2.284007787704467773e+00
3.039856195449829102e+00
2.623569488525390625e+00
2.447755098342895508e+00
2.918009757995605469e+00
2.087413311004638672e+00
3.259494543075561523e+00
1.524532914161682129e+00
2.044251441955566406e+00
2.496038436889648438e+00
2.603925704956054688e+00
2.713827610015869141e+00
3.229360103607177734e+00
2.917979478836059570e+00
5.176195621490478516e+00
1.106437563896179199e+00
2.100060462951660156e+00
2.446619510650634766e+00
1.916827082633972168e+00
3.211097717285156250e+00
2.109832525253295898e+00
1.396770477294921875e+00
2.699950456619262695e+00
2.065490484237670898e+00
1.649234294891357422e+00
2.863437414169311523e+00
3.652862310409545898e+00
2.884698629379272461e+00
5.296094894409179688e+00
2.483473062515258789e+00
1.829856157302856445e+00
2.426935434341430664e+00
2.711968183517456055e+00
1.462573289871215820e+00
1.496526837348937988e+00
3.429627895355224609e+00
2.312520980834960938e+00
2.443270206451416016e+00
2.889837503433227539e+00
1.728628277778625488e+00
5.088930606842041016e+00
1.605675101280212402e+00
3.543593168258666992e+00
4.215748786926269531e+00
3.419455289840698242e+00
1.962145328521728516e+00
4.729215621948242188e+00
1.885431885719299316e+00
2.132486104965209961e+00
2.282162427902221680e+00
2.042967319488525391e+00
2.007688045501708984e+00
2.901025056838989258e+00
3.740647792816162109e+00
3.184941530227661133e+00
5.560989856719970703e+00
1.904801249504089355e+00
2.657136440277099609e+00
2.646843433380126953e+00
1.907414436340332031e+00
2.901754379272460938e+00
1.864193558692932129e+00
2.398197174072265625e+00
2.028351068496704102e+00
3.762365341186523438e+00
3.354382038116455078e+00
1.486093640327453613e+00
2.102171659469604492e+00
2.077196598052978516e+00
2.166771411895751953e+00
3.145774126052856445e+00
1.381423830986022949e+00
1.181815624237060547e+00
2.710070133209228516e+00
2.973669052124023438e+00
2.839998006820678711e+00
2.362013101577758789e+00
5.142647266387939453e+00
3.649015665054321289e+00
3.724984884262084961e+00
1.483567476272583008e+00
2.215238332748413086e+00
2.692333936691284180e+00
1.930196523666381836e+00
4.080881118774414062e+00
