7.270202159881591797e+00
5.361033916473388672e+00
6.396435260772705078e+00
7.705278873443603516e+00
1.542564749717712402e+00
2.375458955764770508e+00
4.463019847869873047e+00
9.346230506896972656e+00
2.284392356872558594e+00
4.724414825439453125e+00
8.863430023193359375e+00
5.040673732757568359e+00
8.566176414489746094e+00
6.451161384582519531e+00
1.783279180526733398e+00
4.715610027313232422e+00
1.120938682556152344e+01
5.888027667999267578e+00
4.000136375427246094e+00
5.502655982971191406e+00
4.707025527954101562e+00
4.488568305969238281e+00
4.404747486114501953e+00
6.360070705413818359e+00
6.182955265045166016e+00
2.905445337295532227e+00
1.279147624969482422e+00
4.366796970367431641e+00
5.486700534820556641e+00
2.063627004623413086e+00
7.584588050842285156e+00
2.452542543411254883e+00
4.019278049468994141e+00
6.595921993255615234e+00
3.331689834594726562e-01
2.609968900680541992e+00
3.365286827087402344e+00
3.994895219802856445e-01
4.745293617248535156e+00
7.563486576080322266e+00
2.484423637390136719e+00
2.473955154418945312e+00
7.617002010345458984e+00
7.798268795013427734e+00
6.193150043487548828e+00
7.477183341979980469e+00
2.112447023391723633e+00
5.161469459533691406e+00
6.304652214050292969e+00
6.341179370880126953e+00
1.039900302886962891e+01
5.454273223876953125e+00
5.049329280853271484e+00
4.049190044403076172e+00
9.329672813415527344e+00
4.258837699890136719e+00
5.502229213714599609e+00
1.056944608688354492e+00
5.736357688903808594e+00
5.831400394439697266e+00
1.687879085540771484e+00
2.243527173995971680e+00
2.728321313858032227e+00
4.186164855957031250e+00
4.235431194305419922e+00
3.377506017684936523e+00
3.264555454254150391e+00
3.266129255294799805e+00
1.628415870666503906e+01
7.352250576019287109e+00
2.052272081375122070e+00
5.421556472778320312e+00
1.033429241180419922e+01
5.172093391418457031e+00
7.086268901824951172e+00
2.056524991989135742e+00
5.633206844329833984e+00
2.201812267303466797e+00
9.409499168395996094e-01
8.139406204223632812e+00
7.560553550720214844e+00
4.808990955352783203e+00
2.044882774353027344e+00
4.031229019165039062e+00
5.859371185302734375e+00
7.445818901062011719e+00
6.464267730712890625e+00
2.537738561630249023e+00
7.484071731567382812e+00
3.349925041198730469e+00
2.633905172348022461e+00
4.617572784423828125e+00
4.537303447723388672e+00
4.180010318756103516e+00
3.973358392715454102e+00
6.479553222656250000e+00
5.267601490020751953e+00
2.412712812423706055e+00
6.673148632049560547e+00
6.603253841400146484e+00
8.126338005065917969e+00
3.838076829910278320e+00
2.430721998214721680e+00
7.884832382202148438e+00
1.462113857269287109e+00
5.336627006530761719e+00
4.972567081451416016e+00
1.978528738021850586e+00
1.305033683776855469e+00
6.564615726470947266e+00
2.785596609115600586e+00
6.777924060821533203e+00
2.522515296936035156e+00
7.068352699279785156e+00
3.251878738403320312e+00
4.096563816070556641e+00
5.793316841125488281e+00
4.992253303527832031e+00
6.548966407775878906e+00
6.376627922058105469e+00
5.138451576232910156e+00
3.811004877090454102e+00
3.348828554153442383e+00
1.879083991050720215e+00
8.556418418884277344e+00
6.724601745605468750e+00
5.223866462707519531e+00
3.636846065521240234e+00
3.131899833679199219e+00
4.519115447998046875e+00
6.694328784942626953e+00
2.296669721603393555e+00
2.637150049209594727e+00
1.522526860237121582e+00
2.057474517822265625e+01
7.771289348602294922e+00
9.140988349914550781e+00
7.243162155151367188e+00
1.115855121612548828e+01
5.996050834655761719e+00
9.611524581909179688e+00
6.597759723663330078e+00
1.308344364166259766e+00
1.717989087104797363e+00
6.323417663574218750e+00
7.850231647491455078e+00
3.242082357406616211e+00
8.196356773376464844e+00
4.127465248107910156e+00
4.892110526561737061e-01
4.585154533386230469e+00
2.862986564636230469e+00
6.511595249176025391e+00
4.727002620697021484e+00
9.256951332092285156e+00
8.087121009826660156e+00
3.707489252090454102e+00
4.429283618927001953e+00
4.484289646148681641e+00
6.723405361175537109e+00
4.503334045410156250e+00
5.062119007110595703e+00
2.502544641494750977e+00
1.056846046447753906e+01
2.768477201461791992e+00
5.785036563873291016e+00
8.810884475708007812e+00
4.558188915252685547e+00
5.937512874603271484e+00
7.999728202819824219e+00
3.778591156005859375e+00
1.036492824554443359e+00
4.934799194335937500e+00
4.788969039916992188e+00
3.441564798355102539e+00
2.467900037765502930e+00
5.965474128723144531e+00
5.640212059020996094e+00
5.426792621612548828e+00
2.815375328063964844e+00
4.770802974700927734e+00
1.497012019157409668e+00
2.275187730789184570e+00
4.841289997100830078e+00
4.717719078063964844e+00
2.401868820190429688e+00
3.159135580062866211e+00
3.509552001953125000e+00
3.365978240966796875e+00
4.483283996582031250e+00
6.115672588348388672e+00
2.550717830657958984e+00
5.874570369720458984e+00
3.005231857299804688e+00
9.106206893920898438e+00
3.127258062362670898e+00
1.747613430023193359e+00
4.581645011901855469e+00
5.612533569335937500e+00
6.928222179412841797e+00
4.622887134552001953e+00
5.212670326232910156e+00
4.117956638336181641e+00
4.369619369506835938e+00
4.838222026824951172e+00
4.103746891021728516e+00
2.399446964263916016e+00
4.253215789794921875e+00
4.140812873840332031e+00
3.169333696365356445e+00
8.053286552429199219e+00
5.125019073486328125e+00
5.677493095397949219e+00
3.915163278579711914e+00
7.137851715087890625e+00
4.229992389678955078e+00
1.259588241577148438e+01
7.256078720092773438e+00
8.964235305786132812e+00
7.808593273162841797e+00
5.550925731658935547e+00
5.983121871948242188e+00
5.862440586090087891e+00
3.557792663574218750e+00
1.492286920547485352e+00
4.719726085662841797e+00
2.075398206710815430e+00
1.463174700736999512e+00
8.776460647583007812e+00
4.701735496520996094e+00
7.024310111999511719e+00
5.543219089508056641e+00
4.068664550781250000e+00
1.413651227951049805e+00
7.575511455535888672e+00
4.224440097808837891e+00
7.078722000122070312e+00
4.104598045349121094e+00
5.151998996734619141e+00
7.807629108428955078e+00
5.033005237579345703e+00
5.053439617156982422e+00
2.335099697113037109e+00
4.898748874664306641e+00
5.337008476257324219e+00
2.529567956924438477e+00
7.336622238159179688e+00
1.833033323287963867e+00
1.276188731193542480e+00
1.749168515205383301e+00
5.210427761077880859e+00
1.777496218681335449e+00
5.722454547882080078e+00
8.842040061950683594e+00
6.186561107635498047e+00
8.577750205993652344e+00
