9.913943409919738770e-01
8.654254078865051270e-01
8.679688572883605957e-01
9.398207664489746094e-01
1.153164029121398926e+00
8.908469676971435547e-01
1.058623552322387695e+00
8.960497975349426270e-01
9.383806586265563965e-01
8.400063514709472656e-01
9.990646839141845703e-01
1.020405650138854980e+00
1.006665706634521484e+00
9.426954984664916992e-01
8.688015341758728027e-01
9.890100955963134766e-01
9.003071784973144531e-01
1.124475359916687012e+00
1.087442994117736816e+00
9.263340830802917480e-01
1.165884494781494141e+00
1.031134605407714844e+00
1.012789249420166016e+00
1.045887112617492676e+00
1.046703934669494629e+00
1.016854166984558105e+00
9.454913139343261719e-01
9.559219479560852051e-01
9.119673371315002441e-01
9.747731089591979980e-01
1.060990810394287109e+00
8.554697036743164062e-01
1.062381029129028320e+00
1.021163344383239746e+00
8.187468647956848145e-01
1.076904177665710449e+00
1.010633945465087891e+00
9.602496623992919922e-01
1.126859068870544434e+00
1.097612857818603516e+00
9.308047890663146973e-01
1.162173867225646973e+00
1.005387067794799805e+00
1.118723511695861816e+00
1.094576239585876465e+00
9.352344870567321777e-01
9.805474281311035156e-01
9.017180800437927246e-01
9.801725745201110840e-01
1.014990091323852539e+00
1.034282803535461426e+00
1.002452850341796875e+00
9.497041106224060059e-01
9.415280818939208984e-01
1.076580166816711426e+00
1.165182471275329590e+00
8.593759536743164062e-01
8.430325388908386230e-01
8.886626362800598145e-01
9.612834453582763672e-01
1.077638506889343262e+00
1.133785486221313477e+00
9.754034280776977539e-01
1.168998956680297852e+00
