1.006916403770446777e+00
1.091575145721435547e+00
1.053201556205749512e+00
9.804515242576599121e-01
1.030188918113708496e+00
1.009576559066772461e+00
9.878464937210083008e-01
1.034577727317810059e+00
9.889674782752990723e-01
1.006339907646179199e+00
1.002275943756103516e+00
1.016541600227355957e+00
9.775066375732421875e-01
1.039072632789611816e+00
9.852158427238464355e-01
9.718031883239746094e-01
1.049435138702392578e+00
9.935119748115539551e-01
1.012820124626159668e+00
9.847980141639709473e-01
1.002596974372863770e+00
9.957403540611267090e-01
1.007974982261657715e+00
9.907321333885192871e-01
1.003842234611511230e+00
9.959996342658996582e-01
9.864027500152587891e-01
9.727449417114257812e-01
9.754508733749389648e-01
9.915156960487365723e-01
9.942452311515808105e-01
9.935076832771301270e-01
1.013859272003173828e+00
9.949375391006469727e-01
9.756379127502441406e-01
9.883915781974792480e-01
9.845547676086425781e-01
9.721633791923522949e-01
9.808353781700134277e-01
9.732647538185119629e-01
9.817013740539550781e-01
9.823896884918212891e-01
9.658823013305664062e-01
9.738476872444152832e-01
9.697974324226379395e-01
9.864361286163330078e-01
9.967324733734130859e-01
9.909721612930297852e-01
9.829531908035278320e-01
9.994170069694519043e-01
1.020466566085815430e+00
9.613454937934875488e-01
9.775254726409912109e-01
9.867414236068725586e-01
1.045828580856323242e+00
1.020286083221435547e+00
1.004699945449829102e+00
9.944376945495605469e-01
1.026627540588378906e+00
1.029546737670898438e+00
1.033188223838806152e+00
9.763485193252563477e-01
9.801300764083862305e-01
9.763175249099731445e-01
9.813920855522155762e-01
9.692778587341308594e-01
1.009904026985168457e+00
9.641932249069213867e-01
9.993265271186828613e-01
1.097039461135864258e+00
1.007401108741760254e+00
9.816622734069824219e-01
1.032645106315612793e+00
9.838671684265136719e-01
1.055498719215393066e+00
9.839472770690917969e-01
9.968304038047790527e-01
9.879582524299621582e-01
9.960710406303405762e-01
9.834488034248352051e-01
9.838002324104309082e-01
9.600385427474975586e-01
9.900036454200744629e-01
9.925241470336914062e-01
1.015513420104980469e+00
1.009673595428466797e+00
1.000321149826049805e+00
1.015222668647766113e+00
9.831560850143432617e-01
1.055665254592895508e+00
9.945129156112670898e-01
9.894744753837585449e-01
9.772254824638366699e-01
9.737442135810852051e-01
1.006707668304443359e+00
1.000172972679138184e+00
1.028235316276550293e+00
9.929054379463195801e-01
9.888235926628112793e-01
9.881302118301391602e-01
1.007716417312622070e+00
9.959405064582824707e-01
9.854287505149841309e-01
1.001924276351928711e+00
9.912716746330261230e-01
9.914710521697998047e-01
9.861367344856262207e-01
9.903660416603088379e-01
1.094867706298828125e+00
9.784392714500427246e-01
9.904118180274963379e-01
9.960063695907592773e-01
9.994385838508605957e-01
1.016111612319946289e+00
1.040658235549926758e+00
1.061698198318481445e+00
9.869760870933532715e-01
9.874311089515686035e-01
9.796000123023986816e-01
1.050722122192382812e+00
9.876773953437805176e-01
1.029235243797302246e+00
9.986211061477661133e-01
9.833143353462219238e-01
1.003671169281005859e+00
1.000490903854370117e+00
9.759169816970825195e-01
1.007917284965515137e+00
1.009643912315368652e+00
9.685701727867126465e-01
1.005444169044494629e+00
9.751036763191223145e-01
1.000059723854064941e+00
9.714832305908203125e-01
9.812377691268920898e-01
1.002319335937500000e+00
9.813116788864135742e-01
9.854907989501953125e-01
9.909716248512268066e-01
9.876474738121032715e-01
9.949686527252197266e-01
9.666520357131958008e-01
1.049944162368774414e+00
9.822921752929687500e-01
9.696096777915954590e-01
9.882012605667114258e-01
9.730039834976196289e-01
9.780225753784179688e-01
9.985544085502624512e-01
1.001869440078735352e+00
1.001993060111999512e+00
9.963029623031616211e-01
9.945443272590637207e-01
1.015461683273315430e+00
9.820199608802795410e-01
9.936127662658691406e-01
9.811816215515136719e-01
1.022449612617492676e+00
1.039861917495727539e+00
9.778913855552673340e-01
9.731833934783935547e-01
1.027712583541870117e+00
1.017913103103637695e+00
1.083433032035827637e+00
9.804673194885253906e-01
9.827140569686889648e-01
9.874125719070434570e-01
1.005364418029785156e+00
9.909815788269042969e-01
1.007154226303100586e+00
1.034689426422119141e+00
9.829260706901550293e-01
1.049525856971740723e+00
9.782378673553466797e-01
9.733291268348693848e-01
1.000633835792541504e+00
1.033959746360778809e+00
1.014780759811401367e+00
1.008168816566467285e+00
1.073481798171997070e+00
1.013791680335998535e+00
9.866471290588378906e-01
1.000531077384948730e+00
1.083088874816894531e+00
9.940586090087890625e-01
9.880973100662231445e-01
1.001081109046936035e+00
9.944172501564025879e-01
1.019767522811889648e+00
1.007471084594726562e+00
1.001190900802612305e+00
9.865640401840209961e-01
9.922570586204528809e-01
1.024056673049926758e+00
1.000852704048156738e+00
1.002153515815734863e+00
9.937620162963867188e-01
9.969825148582458496e-01
1.006960272789001465e+00
1.062871694564819336e+00
9.923248887062072754e-01
9.800098538398742676e-01
9.782217741012573242e-01
1.026215434074401855e+00
9.782396554946899414e-01
9.828984141349792480e-01
9.923150539398193359e-01
1.020199418067932129e+00
9.777882695198059082e-01
9.907780289649963379e-01
9.757817387580871582e-01
9.773589372634887695e-01
9.790050983428955078e-01
1.010100126266479492e+00
9.787849783897399902e-01
9.727987647056579590e-01
1.001935005187988281e+00
1.003892183303833008e+00
1.002852678298950195e+00
9.706751704216003418e-01
1.001743316650390625e+00
1.007787227630615234e+00
1.002087473869323730e+00
1.010832190513610840e+00
1.001091599464416504e+00
1.020770072937011719e+00
9.657375216484069824e-01
1.056110501289367676e+00
9.994800686836242676e-01
9.760948419570922852e-01
1.010624051094055176e+00
9.760109782218933105e-01
9.898627996444702148e-01
9.670499563217163086e-01
9.773351550102233887e-01
9.983790516853332520e-01
1.001141786575317383e+00
9.997182488441467285e-01
1.069657206535339355e+00
1.000592231750488281e+00
1.016794204711914062e+00
9.759154915809631348e-01
9.913550019264221191e-01
1.002307891845703125e+00
9.784164428710937500e-01
9.635246992111206055e-01
1.006763339042663574e+00
1.008228182792663574e+00
9.696633219718933105e-01
9.823428392410278320e-01
1.006411194801330566e+00
9.945850968360900879e-01
1.028960585594177246e+00
9.820126891136169434e-01
9.831697940826416016e-01
9.964598417282104492e-01
9.925483465194702148e-01
1.008213281631469727e+00
9.950714707374572754e-01
9.954565167427062988e-01
9.958583712577819824e-01
9.782907962799072266e-01
1.010793089866638184e+00
9.813366532325744629e-01
9.945545792579650879e-01
9.822395443916320801e-01
9.846110343933105469e-01
9.890118837356567383e-01
1.076690673828125000e+00
1.003172993659973145e+00
1.000776767730712891e+00
1.027216196060180664e+00
9.883158802986145020e-01
1.001740932464599609e+00
9.909395575523376465e-01
9.913707971572875977e-01
9.996049404144287109e-01
1.009139895439147949e+00
9.981929063796997070e-01
9.765357971191406250e-01
9.914863705635070801e-01
9.772505760192871094e-01
1.018809437751770020e+00
1.037674784660339355e+00
9.912092685699462891e-01
1.004718422889709473e+00
9.735754728317260742e-01
9.747111797332763672e-01
1.003000378608703613e+00
9.750166535377502441e-01
9.770590066909790039e-01
9.851368069648742676e-01
9.853625297546386719e-01
9.682506918907165527e-01
1.007563591003417969e+00
9.963519573211669922e-01
1.024460434913635254e+00
1.023561120033264160e+00
1.036884903907775879e+00
1.013285040855407715e+00
9.888427257537841797e-01
9.846248626708984375e-01
9.977160692214965820e-01
9.857133030891418457e-01
9.870181083679199219e-01
9.948413372039794922e-01
1.002325057983398438e+00
9.800270795822143555e-01
9.947471618652343750e-01
9.783637523651123047e-01
1.001449584960937500e+00
1.054065108299255371e+00
9.790778756141662598e-01
9.984562397003173828e-01
1.047744989395141602e+00
1.035898089408874512e+00
1.000014901161193848e+00
9.981192946434020996e-01
9.853843450546264648e-01
9.769827723503112793e-01
9.925144910812377930e-01
1.009050369262695312e+00
9.928848743438720703e-01
1.018240690231323242e+00
1.012915730476379395e+00
9.761769771575927734e-01
9.865627884864807129e-01
9.920799136161804199e-01
9.851016998291015625e-01
1.019610404968261719e+00
9.891979098320007324e-01
9.804875850677490234e-01
9.641711711883544922e-01
9.874375462532043457e-01
1.043557763099670410e+00
1.011669754981994629e+00
9.909060001373291016e-01
9.959524273872375488e-01
1.018210172653198242e+00
9.769638180732727051e-01
9.911716580390930176e-01
1.011805295944213867e+00
1.008814573287963867e+00
9.783167243003845215e-01
1.037208914756774902e+00
1.001041054725646973e+00
1.003482818603515625e+00
9.887705445289611816e-01
1.003991723060607910e+00
1.000871419906616211e+00
9.816852211952209473e-01
9.703266024589538574e-01
9.857001900672912598e-01
1.005742430686950684e+00
9.965468049049377441e-01
1.009836077690124512e+00
9.982376098632812500e-01
9.786243438720703125e-01
1.007761001586914062e+00
1.017493367195129395e+00
1.012422561645507812e+00
9.976374506950378418e-01
9.842395186424255371e-01
1.014174818992614746e+00
9.880374073982238770e-01
1.001076817512512207e+00
1.019389152526855469e+00
9.970176815986633301e-01
1.005754709243774414e+00
1.030936121940612793e+00
9.772745966911315918e-01
1.007875800132751465e+00
9.808798432350158691e-01
1.014947772026062012e+00
1.002076268196105957e+00
1.016463637351989746e+00
9.779694676399230957e-01
1.003718495368957520e+00
9.984363317489624023e-01
9.846109151840209961e-01
1.038308620452880859e+00
9.927293062210083008e-01
9.809206128120422363e-01
9.927239418029785156e-01
1.030626058578491211e+00
9.846316576004028320e-01
1.005582094192504883e+00
1.007339596748352051e+00
1.040857553482055664e+00
1.045944452285766602e+00
9.701877236366271973e-01
9.905548691749572754e-01
9.876092672348022461e-01
1.019255995750427246e+00
1.020650744438171387e+00
1.028885841369628906e+00
9.849252104759216309e-01
9.959076642990112305e-01
1.007179498672485352e+00
9.785699844360351562e-01
1.001374483108520508e+00
9.805951118469238281e-01
9.694616198539733887e-01
9.553234577178955078e-01
9.796593785285949707e-01
1.033137321472167969e+00
9.904792904853820801e-01
1.064952850341796875e+00
9.872990846633911133e-01
9.877103567123413086e-01
1.050176620483398438e+00
1.010124206542968750e+00
9.796544909477233887e-01
1.010240316390991211e+00
1.001579999923706055e+00
9.746006131172180176e-01
1.000331521034240723e+00
9.862360358238220215e-01
9.957060217857360840e-01
1.000903844833374023e+00
9.874340295791625977e-01
9.779077172279357910e-01
9.982131719589233398e-01
1.003576397895812988e+00
1.026884675025939941e+00
9.717994332313537598e-01
9.941139817237854004e-01
1.046221137046813965e+00
9.833079576492309570e-01
1.015974521636962891e+00
1.031647801399230957e+00
9.836174249649047852e-01
9.947862625122070312e-01
9.960867762565612793e-01
9.947116374969482422e-01
1.015171051025390625e+00
9.656611680984497070e-01
1.012283086776733398e+00
9.897655844688415527e-01
9.737792015075683594e-01
9.955568909645080566e-01
9.882662892341613770e-01
9.902670979499816895e-01
9.752060174942016602e-01
9.882901906967163086e-01
1.012676954269409180e+00
1.015014290809631348e+00
9.878596663475036621e-01
1.068869113922119141e+00
1.013640046119689941e+00
9.795500636100769043e-01
1.005188226699829102e+00
1.025473117828369141e+00
9.948931336402893066e-01
1.053156256675720215e+00
1.013172864913940430e+00
9.708648920059204102e-01
9.880553483963012695e-01
9.764241576194763184e-01
1.034803748130798340e+00
9.786667227745056152e-01
9.864597916603088379e-01
9.837956428527832031e-01
9.926356673240661621e-01
1.030569195747375488e+00
1.008051633834838867e+00
9.988040328025817871e-01
9.865788221359252930e-01
1.000582575798034668e+00
9.774113297462463379e-01
1.032894730567932129e+00
1.041599750518798828e+00
1.023073315620422363e+00
9.804854989051818848e-01
1.002484440803527832e+00
9.696373939514160156e-01
9.872737526893615723e-01
9.839686751365661621e-01
1.000141501426696777e+00
1.027856945991516113e+00
1.040195941925048828e+00
1.006953835487365723e+00
9.862523674964904785e-01
1.008642673492431641e+00
9.850526452064514160e-01
1.005082011222839355e+00
1.019320249557495117e+00
9.959663152694702148e-01
9.948927164077758789e-01
1.003928542137145996e+00
1.038184165954589844e+00
9.837272763252258301e-01
9.862911701202392578e-01
9.886959195137023926e-01
1.059402465820312500e+00
9.968931674957275391e-01
1.029944181442260742e+00
9.679689407348632812e-01
9.730846285820007324e-01
1.019659280776977539e+00
9.709049463272094727e-01
1.015540480613708496e+00
1.004814982414245605e+00
1.022098898887634277e+00
9.940442442893981934e-01
9.750890731811523438e-01
1.037127614021301270e+00
1.002022981643676758e+00
1.022244811058044434e+00
9.986134767532348633e-01
1.027267336845397949e+00
1.009226918220520020e+00
