7.204364538192749023e-01
2.105233967304229736e-01
2.816993296146392822e-01
4.866024851799011230e-01
2.049685269594192505e-01
1.125113070011138916e-01
5.068563222885131836e-01
1.374424248933792114e-01
8.736602962017059326e-02
1.273309886455535889e-01
1.633141934871673584e-01
5.597446560859680176e-01
1.928770095109939575e-01
9.292913973331451416e-02
5.594764277338981628e-02
1.419671326875686646e-01
2.319330871105194092e-01
6.685599684715270996e-02
2.661353647708892822e-01
5.624118447303771973e-01
4.137697815895080566e-01
1.213148534297943115e-01
4.698903486132621765e-02
4.411208033561706543e-01
5.324824452400207520e-01
2.050262242555618286e-01
2.540798783302307129e-01
2.116607129573822021e-01
3.059710562229156494e-01
2.681842744350433350e-01
3.557153046131134033e-01
9.461261332035064697e-02
2.799170911312103271e-01
2.449789196252822876e-01
1.174977421760559082e-01
7.467303425073623657e-02
7.813541591167449951e-02
1.249824240803718567e-01
3.435921370983123779e-01
1.349953263998031616e-01
1.150355413556098938e-01
1.391474008560180664e-01
7.632768899202346802e-02
2.210288941860198975e-01
2.815536856651306152e-01
8.619744330644607544e-02
1.012207195162773132e-01
3.414552509784698486e-01
8.830476552248001099e-02
2.700313925743103027e-01
4.883984923362731934e-01
2.548682391643524170e-01
1.655873507261276245e-01
8.705531805753707886e-02
2.417221069335937500e-01
3.175716102123260498e-01
1.986735314130783081e-01
9.327721595764160156e-02
1.353323012590408325e-01
2.463679611682891846e-01
3.247418701648712158e-01
4.155619144439697266e-01
2.150905728340148926e-01
2.872467339038848877e-01
8.982387185096740723e-02
2.373451739549636841e-01
2.492386400699615479e-01
5.930806398391723633e-01
3.096309304237365723e-01
9.648928791284561157e-02
1.167039871215820312e-01
4.343926012516021729e-01
1.050288528203964233e-01
2.456975132226943970e-01
2.717081308364868164e-01
1.188913136720657349e-01
2.120833694934844971e-01
2.449679225683212280e-01
4.196288287639617920e-01
2.597941756248474121e-01
3.457828760147094727e-01
1.749155372381210327e-01
3.096594214439392090e-01
1.849722415208816528e-01
4.294257462024688721e-01
8.488745987415313721e-02
1.641630530357360840e-01
3.571248352527618408e-01
1.957656145095825195e-01
7.222608476877212524e-02
3.124354779720306396e-01
1.157713457942008972e-01
6.150864362716674805e-01
1.871941685676574707e-01
1.787016391754150391e-01
1.520715653896331787e-01
2.580480873584747314e-01
7.244962453842163086e-02
3.446074724197387695e-01
7.513293623924255371e-02
2.817303538322448730e-01
1.715554744005203247e-01
9.528446197509765625e-02
2.169816046953201294e-01
4.231770336627960205e-01
1.040418297052383423e-01
3.080905377864837646e-01
1.359938681125640869e-01
1.563299596309661865e-01
2.162472307682037354e-01
9.000587463378906250e-02
1.182063296437263489e-01
1.051810309290885925e-01
1.288077086210250854e-01
1.946158558130264282e-01
2.104880362749099731e-01
1.596987396478652954e-01
2.750436067581176758e-01
1.957358866930007935e-01
2.755159437656402588e-01
1.315119415521621704e-01
1.039552837610244751e-01
3.976257145404815674e-01
2.479807287454605103e-01
8.443219214677810669e-02
1.229103282094001770e-01
1.500192284584045410e-01
4.525831043720245361e-01
1.399491727352142334e-01
1.626606285572052002e-01
2.458080649375915527e-01
3.219649195671081543e-01
5.528026223182678223e-01
1.361436396837234497e-01
1.143137365579605103e-01
3.667500913143157959e-01
8.958631753921508789e-02
1.137385517358779907e-01
1.087544932961463928e-01
1.684071868658065796e-01
5.454415827989578247e-02
4.511640369892120361e-01
9.755486249923706055e-02
3.550029695034027100e-01
8.515445888042449951e-02
7.084080576896667480e-02
7.674033939838409424e-02
9.593175351619720459e-02
6.335371732711791992e-02
9.675151109695434570e-02
1.784491091966629028e-01
3.923845589160919189e-01
2.938379347324371338e-01
2.147915810346603394e-01
3.386983275413513184e-01
1.337544620037078857e-01
7.898590713739395142e-02
2.945799827575683594e-01
7.905671745538711548e-02
1.317110657691955566e-01
6.052562594413757324e-01
5.687692165374755859e-01
1.389507949352264404e-01
1.189924031496047974e-01
3.315652310848236084e-01
1.080935746431350708e-01
2.219394147396087646e-01
3.870659768581390381e-01
1.206483393907546997e-01
6.095386743545532227e-01
2.740054726600646973e-01
7.891426235437393188e-02
2.004679590463638306e-01
8.364862203598022461e-02
1.002391427755355835e-01
2.092094570398330688e-01
1.087239980697631836e-01
2.238153815269470215e-01
2.527509331703186035e-01
7.677903026342391968e-02
2.144359648227691650e-01
1.503601521253585815e-01
7.668755948543548584e-02
2.917942404747009277e-01
2.750957608222961426e-01
2.276161462068557739e-01
4.071483314037322998e-01
3.361744880676269531e-01
1.671162843704223633e-01
5.513248443603515625e-01
9.460599720478057861e-02
4.181247949600219727e-01
2.014813274145126343e-01
1.289096772670745850e-01
8.833045512437820435e-02
9.546277672052383423e-02
2.868513762950897217e-01
1.560139954090118408e-01
1.607395559549331665e-01
1.649638116359710693e-01
7.586836814880371094e-02
1.586172133684158325e-01
1.317927986383438110e-01
5.096545815467834473e-01
1.043333485722541809e-01
4.141368269920349121e-01
2.273834049701690674e-01
2.983072102069854736e-01
5.723579972982406616e-02
2.321416288614273071e-01
1.202160343527793884e-01
1.411998867988586426e-01
3.283512592315673828e-02
2.312002927064895630e-01
3.231656551361083984e-01
2.443708032369613647e-01
1.209771484136581421e-01
2.025931626558303833e-01
1.843779981136322021e-01
9.365536272525787354e-02
2.153997719287872314e-01
1.555118560791015625e-01
6.265892386436462402e-01
7.368715852499008179e-02
1.018692702054977417e-01
3.847426772117614746e-01
9.893561899662017822e-02
3.315949440002441406e-01
2.746583223342895508e-01
1.329884976148605347e-01
1.959186196327209473e-01
5.454403758049011230e-01
3.370155394077301025e-01
3.762717843055725098e-01
8.060295134782791138e-02
2.872792780399322510e-01
4.989790618419647217e-01
2.840993106365203857e-01
3.264105319976806641e-01
3.326637148857116699e-01
1.220130696892738342e-01
2.191752791404724121e-01
1.936185956001281738e-01
3.989613950252532959e-01
2.031719237565994263e-01
5.282653570175170898e-01
5.423770844936370850e-02
1.002004966139793396e-01
4.036628603935241699e-01
2.636570334434509277e-01
3.799702227115631104e-01
7.222370058298110962e-02
3.812091946601867676e-01
1.557321846485137939e-01
6.446626782417297363e-02
2.899847924709320068e-01
3.705213069915771484e-01
1.207164973020553589e-01
3.223342597484588623e-01
2.671285867691040039e-01
1.749406307935714722e-01
3.409635722637176514e-01
9.041301906108856201e-02
8.964695781469345093e-02
4.914187490940093994e-01
1.731623858213424683e-01
3.691841363906860352e-01
3.204684257507324219e-01
1.695038527250289917e-01
5.206450074911117554e-02
1.186712160706520081e-01
9.459386765956878662e-02
2.814800441265106201e-01
1.804709434509277344e-01
3.122639954090118408e-01
1.267665028572082520e-01
4.424502849578857422e-01
7.821245491504669189e-02
1.283481717109680176e-01
3.427188992500305176e-01
1.419523060321807861e-01
1.686637252569198608e-01
9.669671952724456787e-02
3.682471215724945068e-01
1.900762766599655151e-01
3.459618687629699707e-01
1.111470982432365417e-01
1.784056127071380615e-01
4.613395035266876221e-01
7.144194096326828003e-02
5.019425973296165466e-02
3.083688914775848389e-01
2.465531826019287109e-01
5.831201672554016113e-01
1.487345844507217407e-01
2.905518412590026855e-01
1.618464738130569458e-01
4.051803797483444214e-02
2.172777056694030762e-01
1.017065495252609253e-01
3.743389248847961426e-01
2.434270679950714111e-01
1.963274627923965454e-01
1.164975464344024658e-01
1.358403116464614868e-01
4.595982655882835388e-02
6.341488659381866455e-02
5.879476293921470642e-02
2.750754654407501221e-01
1.302515268325805664e-01
6.235399469733238220e-02
4.277985692024230957e-01
2.349371761083602905e-01
2.072979956865310669e-01
1.291747391223907471e-01
9.596002101898193359e-02
5.642189830541610718e-02
1.531541049480438232e-01
1.383417546749114990e-01
7.650429755449295044e-02
3.331401646137237549e-01
5.815578624606132507e-02
1.681117117404937744e-01
4.568875581026077271e-02
1.806818246841430664e-01
4.159215390682220459e-01
3.977614343166351318e-01
9.029695391654968262e-02
1.443173140287399292e-01
8.715462684631347656e-02
1.687665879726409912e-01
3.287667036056518555e-01
2.166951447725296021e-01
1.656173467636108398e-01
6.799282878637313843e-02
1.719543486833572388e-01
9.145351499319076538e-02
1.887595653533935547e-01
5.292353630065917969e-01
1.814798712730407715e-01
7.655441015958786011e-02
1.030640974640846252e-01
4.530590772628784180e-01
9.330870211124420166e-02
1.947944313287734985e-01
3.387401998043060303e-01
1.683994531631469727e-01
9.640794247388839722e-02
5.531296133995056152e-01
1.208916157484054565e-01
3.911094069480895996e-01
3.299449086189270020e-01
1.896210759878158569e-01
2.823860943317413330e-01
1.632132232189178467e-01
1.335333436727523804e-01
1.712287068367004395e-01
3.321575522422790527e-01
4.161649048328399658e-01
1.873945593833923340e-01
4.590588808059692383e-01
2.822624742984771729e-01
4.480381906032562256e-01
8.557355403900146484e-02
1.440333127975463867e-01
2.202853560447692871e-01
4.759703576564788818e-01
1.856145858764648438e-01
1.317452341318130493e-01
2.224078476428985596e-01
2.896564304828643799e-01
1.319607645273208618e-01
2.777425348758697510e-01
1.099313944578170776e-01
1.941639930009841919e-01
2.809662818908691406e-01
1.309627741575241089e-01
1.200075820088386536e-01
7.095913589000701904e-02
9.616096317768096924e-02
1.681370884180068970e-01
5.927187204360961914e-01
2.118419259786605835e-01
5.095731616020202637e-01
2.833659052848815918e-01
4.278767704963684082e-01
8.713670819997787476e-02
1.114735975861549377e-01
9.307502955198287964e-02
7.531202584505081177e-02
2.443667203187942505e-01
5.490671470761299133e-02
2.537556588649749756e-01
5.005673170089721680e-01
7.145576179027557373e-02
2.602404952049255371e-01
4.934910535812377930e-01
1.062408611178398132e-01
3.090716600418090820e-01
4.597505629062652588e-01
4.453341960906982422e-01
2.480209767818450928e-01
9.683013707399368286e-02
6.532157957553863525e-02
1.023381277918815613e-01
1.707194894552230835e-01
6.336382031440734863e-02
5.990381538867950439e-02
1.783585697412490845e-01
1.561595648527145386e-01
1.439365595579147339e-01
8.761356025934219360e-02
8.587998896837234497e-02
1.107399985194206238e-01
2.357394546270370483e-01
2.258333712816238403e-01
1.020751371979713440e-01
9.052636474370956421e-02
1.734530925750732422e-01
1.240323930978775024e-01
1.443673968315124512e-01
1.902338415384292603e-01
3.186384141445159912e-01
8.556898683309555054e-02
1.097443476319313049e-01
1.146639958024024963e-01
9.716451913118362427e-02
7.287005335092544556e-02
8.553878962993621826e-02
1.977442950010299683e-01
5.980644822120666504e-01
1.396467685699462891e-01
7.403060048818588257e-02
1.787724643945693970e-01
1.985661685466766357e-01
3.839616179466247559e-01
8.607991784811019897e-02
9.025349467992782593e-02
1.370606720447540283e-01
9.587038308382034302e-02
2.509479522705078125e-01
1.230423897504806519e-01
1.071354746818542480e-01
1.525746583938598633e-01
5.304867774248123169e-02
3.545656204223632812e-01
9.886524826288223267e-02
1.198776587843894958e-01
3.590361773967742920e-02
2.373145222663879395e-01
6.405161321163177490e-02
9.289116412401199341e-02
2.072629034519195557e-01
2.597238421440124512e-01
5.868434906005859375e-01
3.598703145980834961e-01
1.361172646284103394e-01
2.664765119552612305e-01
8.607916533946990967e-02
2.612743079662322998e-01
3.276763558387756348e-01
2.298925071954727173e-01
2.627276480197906494e-01
1.350342631340026855e-01
2.475396692752838135e-01
6.799694895744323730e-02
3.427694141864776611e-01
3.143632113933563232e-01
3.045829832553863525e-01
5.189942941069602966e-02
2.373336702585220337e-01
1.123770624399185181e-01
1.345822513103485107e-01
2.684641778469085693e-01
2.464419305324554443e-01
1.198963746428489685e-01
1.528394818305969238e-01
3.612348437309265137e-01
6.247026920318603516e-01
3.773818910121917725e-01
1.337465941905975342e-01
4.085638001561164856e-02
7.938266545534133911e-02
9.005870670080184937e-02
5.406364426016807556e-02
1.475921422243118286e-01
7.603799551725387573e-02
1.790572851896286011e-01
5.893156677484512329e-02
6.351052969694137573e-02
7.425105571746826172e-02
1.944410353899002075e-01
3.840276002883911133e-01
6.130820512771606445e-02
5.588487386703491211e-01
1.953269839286804199e-01
4.271441400051116943e-01
1.371386349201202393e-01
2.039634585380554199e-01
4.056716859340667725e-01
1.250522881746292114e-01
1.271170973777770996e-01
2.426876872777938843e-01
1.289814710617065430e-01
2.118727713823318481e-01
3.065370619297027588e-01
5.013147369027137756e-02
1.294195353984832764e-01
2.896261513233184814e-01
1.767508834600448608e-01
1.741143018007278442e-01
1.691655367612838745e-01
1.714033484458923340e-01
2.710231542587280273e-01
6.666019558906555176e-02
2.287693023681640625e-01
1.654149144887924194e-01
9.529209882020950317e-02
1.621101945638656616e-01
3.265045881271362305e-01
3.847802579402923584e-01
3.767267763614654541e-01
4.798766374588012695e-01
6.931059062480926514e-02
3.450913727283477783e-01
1.329209655523300171e-01
3.379451334476470947e-01
1.757252812385559082e-01
3.464230000972747803e-01
1.915563791990280151e-01
3.695653975009918213e-01
1.336292773485183716e-01
2.881113886833190918e-01
2.964523732662200928e-01
3.584181666374206543e-01
2.071752101182937622e-01
1.342691779136657715e-01
1.957159489393234253e-01
6.248012185096740723e-02
6.092619299888610840e-01
4.861197769641876221e-01
4.362937808036804199e-01
3.526720702648162842e-01
3.076017498970031738e-01
3.668071329593658447e-01
1.109487861394882202e-01
1.932374387979507446e-01
1.007068380713462830e-01
7.873110473155975342e-02
1.923625469207763672e-01
2.687056660652160645e-01
3.131664693355560303e-01
2.729452848434448242e-01
6.502590328454971313e-02
3.118325769901275635e-01
1.002237349748611450e-01
8.538730442523956299e-02
5.604346990585327148e-01
1.018056124448776245e-01
1.689024865627288818e-01
4.131066501140594482e-01
9.113717079162597656e-02
3.513982594013214111e-01
1.870647966861724854e-01
2.746298909187316895e-01
3.736343681812286377e-01
4.562850594520568848e-01
1.469983905553817749e-01
2.333539873361587524e-01
3.780775368213653564e-01
2.240942716598510742e-01
3.955267965793609619e-01
2.295796573162078857e-01
5.157033801078796387e-01
1.654487550258636475e-01
1.962648630142211914e-01
1.620292663574218750e-01
2.706134915351867676e-01
2.778027653694152832e-01
2.590174973011016846e-01
8.027950674295425415e-02
2.706350088119506836e-01
1.123393997550010681e-01
2.675521969795227051e-01
1.583597213029861450e-01
3.179095983505249023e-01
2.498045116662979126e-01
7.461158931255340576e-02
4.527380466461181641e-01
2.526285350322723389e-01
2.776617705821990967e-01
9.564274549484252930e-02
2.422706633806228638e-01
1.067129448056221008e-01
6.909001469612121582e-01
1.197931319475173950e-01
2.166862040758132935e-01
1.739161312580108643e-01
4.233349263668060303e-01
1.343028694391250610e-01
5.527744889259338379e-01
7.446158677339553833e-02
1.542324870824813843e-01
1.805016547441482544e-01
3.309107720851898193e-01
2.594853639602661133e-01
2.901133000850677490e-01
1.799888312816619873e-01
1.388299167156219482e-01
6.968365609645843506e-02
1.107089444994926453e-01
9.027521312236785889e-02
1.858845502138137817e-01
3.074730634689331055e-01
3.084922134876251221e-01
1.645534783601760864e-01
1.232170686125755310e-01
1.078013554215431213e-01
8.801449835300445557e-02
1.479980051517486572e-01
2.048283666372299194e-01
3.824998736381530762e-01
6.654626131057739258e-02
5.549865365028381348e-01
4.963701367378234863e-01
1.388779580593109131e-01
1.872161626815795898e-01
2.056444287300109863e-01
1.768366396427154541e-01
1.827235966920852661e-01
1.752581149339675903e-01
4.774217605590820312e-01
3.256196081638336182e-01
5.694159269332885742e-01
1.258043199777603149e-01
3.311688005924224854e-01
4.876858592033386230e-01
1.164057552814483643e-01
3.203127086162567139e-01
1.391635239124298096e-01
1.387680321931838989e-01
3.141381740570068359e-01
1.861157268285751343e-01
1.006759628653526306e-01
1.165889054536819458e-01
1.186694875359535217e-01
8.829696476459503174e-02
1.090601086616516113e-01
2.243499755859375000e-01
1.314328461885452271e-01
1.442571878433227539e-01
2.943274378776550293e-01
4.177806377410888672e-01
4.759476780891418457e-01
6.743256449699401855e-01
1.846836805343627930e-01
1.431361734867095947e-01
8.642740547657012939e-02
8.720137923955917358e-02
3.766020536422729492e-01
6.839846074581146240e-02
4.375905990600585938e-01
2.715620100498199463e-01
1.403905004262924194e-01
2.211474329233169556e-01
2.514506280422210693e-01
4.126828014850616455e-01
6.122827157378196716e-02
1.027294918894767761e-01
1.925419420003890991e-01
8.163988590240478516e-02
1.369407773017883301e-01
2.921762466430664062e-01
2.040286958217620850e-01
1.568972021341323853e-01
5.981130003929138184e-01
2.676164805889129639e-01
1.851118952035903931e-01
2.603905797004699707e-01
5.280186608433723450e-02
3.827910125255584717e-01
1.287512183189392090e-01
8.732195943593978882e-02
4.750638604164123535e-01
3.010288774967193604e-01
5.979483202099800110e-02
1.031391322612762451e-01
2.252444326877593994e-01
7.377719879150390625e-02
6.444796323776245117e-01
1.369720697402954102e-01
4.963102340698242188e-01
2.885791659355163574e-01
1.386181414127349854e-01
1.993089765310287476e-01
1.054349616169929504e-01
8.713652938604354858e-02
9.654639661312103271e-02
1.078494191169738770e-01
3.370763063430786133e-01
1.091733872890472412e-01
7.309439778327941895e-02
3.979968726634979248e-01
1.335903704166412354e-01
1.073563918471336365e-01
9.913195669651031494e-02
6.829089671373367310e-02
1.876384913921356201e-01
1.757857799530029297e-01
4.480900764465332031e-01
6.127444282174110413e-02
9.512330591678619385e-02
9.916830062866210938e-02
1.325799077749252319e-01
3.664761781692504883e-01
3.593762218952178955e-01
9.861274063587188721e-02
1.131406649947166443e-01
1.191390678286552429e-01
4.313810467720031738e-01
9.986817091703414917e-02
5.181567668914794922e-01
5.299910306930541992e-01
2.607892453670501709e-01
3.776278495788574219e-01
5.268677473068237305e-01
2.013983577489852905e-01
7.133689522743225098e-02
1.798295229673385620e-01
5.260025262832641602e-01
2.941678464412689209e-01
1.349792331457138062e-01
1.076519191265106201e-01
2.603370249271392822e-01
2.916514277458190918e-01
7.786089926958084106e-02
3.002879619598388672e-01
3.010875582695007324e-01
1.320108920335769653e-01
3.745867013931274414e-01
1.389025449752807617e-01
5.535635352134704590e-02
7.084175199270248413e-02
1.669178158044815063e-01
1.760532706975936890e-01
7.332294434309005737e-02
4.655471742153167725e-01
2.201603502035140991e-01
2.188329249620437622e-01
7.878802716732025146e-02
3.831113874912261963e-01
1.463885009288787842e-01
1.183838769793510437e-01
1.188339665532112122e-01
3.591586649417877197e-01
1.124388873577117920e-01
1.808202117681503296e-01
2.789224982261657715e-01
1.514655202627182007e-01
4.000100791454315186e-01
2.370431423187255859e-01
7.683596760034561157e-02
3.269785940647125244e-01
5.654383897781372070e-01
5.864446610212326050e-02
9.481452405452728271e-02
8.639577031135559082e-02
7.625116407871246338e-02
3.497076407074928284e-02
2.408114969730377197e-01
1.485249549150466919e-01
1.116806939244270325e-01
3.517746031284332275e-01
2.930915653705596924e-01
1.844234615564346313e-01
7.137988507747650146e-02
4.686393141746520996e-01
1.150697022676467896e-01
3.500409126281738281e-01
1.395784765481948853e-01
2.978993356227874756e-01
1.748003512620925903e-01
1.120536699891090393e-01
3.628254532814025879e-01
3.243175148963928223e-01
4.990804195404052734e-02
1.048087254166603088e-01
4.009528458118438721e-01
4.659554362297058105e-01
3.904278874397277832e-01
1.769462227821350098e-01
8.401523530483245850e-02
2.168267071247100830e-01
1.002466604113578796e-01
2.160642445087432861e-01
2.001468986272811890e-01
1.877528131008148193e-01
2.119570374488830566e-01
5.952963978052139282e-02
1.032501608133316040e-01
1.328077167272567749e-01
4.453700184822082520e-01
3.292193412780761719e-01
2.779935896396636963e-01
5.203789100050926208e-02
4.444162845611572266e-01
1.012317538261413574e-01
1.923202872276306152e-01
9.829859435558319092e-02
2.581479549407958984e-01
8.606006950139999390e-02
3.992653787136077881e-01
7.131867855787277222e-02
2.694174051284790039e-01
2.758359014987945557e-01
1.203429400920867920e-01
2.072122693061828613e-01
1.333640664815902710e-01
1.259607523679733276e-01
7.341378182172775269e-02
1.439306735992431641e-01
1.450496315956115723e-01
1.819353103637695312e-01
2.589334845542907715e-01
2.817622721195220947e-01
3.708503544330596924e-01
1.336750686168670654e-01
1.600791066884994507e-01
9.682682156562805176e-02
3.185329735279083252e-01
4.779687896370887756e-02
9.401611238718032837e-02
9.851457178592681885e-02
4.184925258159637451e-01
4.235472977161407471e-01
2.150429487228393555e-01
1.073333621025085449e-01
1.251184642314910889e-01
2.533789575099945068e-01
3.610267341136932373e-01
2.384188920259475708e-01
1.849938482046127319e-01
9.830433130264282227e-02
4.342716932296752930e-01
2.956302464008331299e-01
3.374832868576049805e-01
2.071979790925979614e-01
8.124122768640518188e-02
9.546598792076110840e-02
9.179966896772384644e-02
2.992697954177856445e-01
2.575290203094482422e-01
3.523194789886474609e-01
1.830453276634216309e-01
2.513764202594757080e-01
6.741631031036376953e-02
1.172031313180923462e-01
1.362120509147644043e-01
2.100292295217514038e-01
3.512420058250427246e-01
1.945581287145614624e-01
1.088502258062362671e-01
7.033336758613586426e-01
3.192604184150695801e-01
1.330955326557159424e-01
3.434231579303741455e-01
5.716644227504730225e-02
8.926700800657272339e-02
9.192460775375366211e-02
1.122473478317260742e-01
1.189594045281410217e-01
1.115508750081062317e-01
2.018973827362060547e-01
3.131610155105590820e-01
3.340777456760406494e-01
3.421782255172729492e-01
2.106865495443344116e-01
1.418636292219161987e-01
3.371824026107788086e-01
8.607537299394607544e-02
5.640930682420730591e-02
1.263156533241271973e-01
2.406845092773437500e-01
1.344137489795684814e-01
2.132420092821121216e-01
1.281894296407699585e-01
5.991065502166748047e-02
3.174403607845306396e-01
3.499528467655181885e-01
9.932122379541397095e-02
2.334641963243484497e-01
4.277082383632659912e-01
2.078170627355575562e-01
6.186653971672058105e-01
1.128601506352424622e-01
3.357984125614166260e-01
5.798162147402763367e-02
4.184818267822265625e-01
2.224155515432357788e-01
8.521154522895812988e-02
4.512262940406799316e-01
1.659272611141204834e-01
1.523951143026351929e-01
2.699902653694152832e-01
5.112879872322082520e-01
1.953783482313156128e-01
1.870687454938888550e-01
7.218860089778900146e-02
3.497039079666137695e-01
1.107552647590637207e-01
2.967037260532379150e-01
3.952371180057525635e-01
8.457689732313156128e-02
1.113241389393806458e-01
1.675935089588165283e-01
3.127320408821105957e-01
1.490426510572433472e-01
9.804072976112365723e-02
1.357117891311645508e-01
5.180150866508483887e-01
2.083494514226913452e-01
2.476660162210464478e-01
1.086931377649307251e-01
1.753977388143539429e-01
5.188437551259994507e-02
1.860001534223556519e-01
2.153158485889434814e-01
7.479970902204513550e-02
8.144382387399673462e-02
2.248156815767288208e-01
9.263508021831512451e-02
1.875556856393814087e-01
1.991993635892868042e-01
2.602179050445556641e-01
1.436491012573242188e-01
1.062824130058288574e-01
8.992604166269302368e-02
1.106917634606361389e-01
1.634468585252761841e-01
9.176163375377655029e-02
5.852133035659790039e-01
2.995327413082122803e-01
4.641060829162597656e-01
2.522468566894531250e-01
3.574304282665252686e-01
3.168662786483764648e-01
2.651253938674926758e-01
2.985872030258178711e-01
2.791079878807067871e-01
1.764985769987106323e-01
1.054295599460601807e-01
5.382573008537292480e-01
4.153755605220794678e-01
2.923865914344787598e-01
3.902978897094726562e-01
1.560461521148681641e-01
1.865108460187911987e-01
7.221460342407226562e-02
3.113176822662353516e-01
3.035928905010223389e-01
2.439580559730529785e-01
4.352864325046539307e-01
8.979187160730361938e-02
9.566339105367660522e-02
6.840823888778686523e-01
2.576166689395904541e-01
1.014980897307395935e-01
3.108392059803009033e-01
1.051207631826400757e-01
1.201985925436019897e-01
1.272776871919631958e-01
3.098028898239135742e-01
6.201036646962165833e-02
5.368093252182006836e-01
1.512090265750885010e-01
7.167576551437377930e-01
1.785379648208618164e-01
5.166079401969909668e-01
4.241753742098808289e-02
1.313342154026031494e-01
7.740692794322967529e-02
1.348194628953933716e-01
5.323368310928344727e-02
9.875755757093429565e-02
5.026895999908447266e-01
1.091189533472061157e-01
9.575594961643218994e-02
3.491182923316955566e-01
3.509242534637451172e-01
1.347498744726181030e-01
2.047399133443832397e-01
2.623885273933410645e-01
1.736185997724533081e-01
1.757281124591827393e-01
4.896220564842224121e-01
9.436719119548797607e-02
2.512767612934112549e-01
3.835614621639251709e-01
3.721008598804473877e-01
1.635008305311203003e-01
2.258375436067581177e-01
2.953573763370513916e-01
2.754631936550140381e-01
9.012784808874130249e-02
1.906489282846450806e-01
2.072717994451522827e-01
1.098265573382377625e-01
3.165817856788635254e-01
2.839827537536621094e-01
6.988866925239562988e-01
2.239228636026382446e-01
1.623328477144241333e-01
1.763855665922164917e-01
7.463972270488739014e-02
1.412550806999206543e-01
8.364333212375640869e-02
9.671524912118911743e-02
1.593863517045974731e-01
2.851046025753021240e-01
1.303295493125915527e-01
1.931914091110229492e-01
1.676269173622131348e-01
1.430429816246032715e-01
5.525906011462211609e-02
