7.612668037414550781e+00
7.355142593383789062e+00
4.249022006988525391e+00
2.478207349777221680e+00
9.909146308898925781e+00
5.908932209014892578e+00
4.429880142211914062e+00
4.275036811828613281e+00
9.550912857055664062e+00
5.060496330261230469e+00
7.044797897338867188e+00
4.365403175354003906e+00
3.911622762680053711e+00
5.501685619354248047e+00
8.017471313476562500e+00
7.081393718719482422e+00
6.907989025115966797e+00
4.805228710174560547e+00
8.958012580871582031e+00
8.121652603149414062e+00
7.760293960571289062e+00
3.674288749694824219e+00
7.768828392028808594e+00
8.973367691040039062e+00
6.611551284790039062e+00
7.785606384277343750e+00
9.202646255493164062e+00
8.950491905212402344e+00
4.437080383300781250e+00
7.663144111633300781e+00
3.360004425048828125e+00
4.194323062896728516e+00
6.271794795989990234e+00
2.952895641326904297e+00
5.967301368713378906e+00
1.268388938903808594e+01
5.186881065368652344e+00
6.014016628265380859e+00
8.893549919128417969e+00
4.177790164947509766e+00
7.098431587219238281e+00
5.759944915771484375e+00
1.061666202545166016e+01
6.462618827819824219e+00
3.171290874481201172e+00
4.399250030517578125e+00
3.117361783981323242e+00
3.892857789993286133e+00
4.677316665649414062e+00
6.753106117248535156e+00
5.134670734405517578e+00
4.888229846954345703e+00
3.811962604522705078e+00
6.491379737854003906e+00
1.071880817413330078e+01
1.052059078216552734e+01
6.404642581939697266e+00
5.661275386810302734e+00
6.363841056823730469e+00
4.885456085205078125e+00
4.342515468597412109e+00
3.589190483093261719e+00
6.306349754333496094e+00
1.217588806152343750e+01
