6.096497058868408203e+00
4.820739269256591797e+00
4.158831596374511719e+00
3.352809906005859375e+00
3.631286621093750000e+00
1.300591707229614258e+00
1.711180448532104492e+00
2.760475873947143555e+00
3.094034910202026367e+00
4.253007411956787109e+00
3.194942951202392578e+00
3.050667524337768555e+00
1.640979290008544922e+00
5.431647777557373047e+00
3.119923830032348633e+00
3.033524036407470703e+00
9.914761543273925781e+00
1.651435017585754395e+00
3.481029510498046875e+00
4.020967483520507812e+00
1.912615180015563965e+00
2.189379215240478516e+00
3.965083599090576172e+00
2.081394672393798828e+00
1.365283250808715820e+00
2.399584770202636719e+00
2.581447362899780273e+00
1.341037988662719727e+00
3.240981340408325195e+00
1.563163399696350098e+00
2.642127513885498047e+00
3.134980201721191406e+00
1.495699048042297363e+00
2.763396263122558594e+00
1.586508631706237793e+00
2.906900167465209961e+00
1.962030649185180664e+00
2.221660852432250977e+00
2.570516347885131836e+00
2.389682531356811523e+00
1.661971688270568848e+00
1.878354787826538086e+00
2.751669168472290039e+00
4.520608901977539062e+00
3.122174739837646484e+00
2.621227264404296875e+00
1.921400308609008789e+00
2.397175788879394531e+00
2.440211534500122070e+00
2.664268732070922852e+00
3.096709012985229492e+00
2.014343738555908203e+00
1.395377278327941895e+00
1.794564485549926758e+00
7.752457141876220703e+00
2.847579002380371094e+00
1.204993247985839844e+00
2.423559188842773438e+00
3.221429347991943359e+00
1.743834018707275391e+00
6.836653232574462891e+00
2.827236175537109375e+00
2.189280986785888672e+00
3.111405849456787109e+00
2.942162752151489258e+00
3.907810449600219727e+00
2.746934175491333008e+00
5.732627391815185547e+00
2.744410514831542969e+00
4.410243988037109375e+00
2.958685636520385742e+00
1.936891436576843262e+00
3.421956539154052734e+00
1.821937084197998047e+00
3.334290027618408203e+00
1.985490918159484863e+00
2.664074659347534180e+00
1.492390394210815430e+00
2.757241249084472656e+00
1.677271366119384766e+00
2.387737035751342773e+00
2.263018846511840820e+00
3.287340879440307617e+00
2.489206790924072266e+00
4.057765007019042969e+00
2.110375881195068359e+00
1.844502687454223633e+00
2.354286432266235352e+00
2.078868865966796875e+00
4.168341159820556641e+00
2.095236063003540039e+00
3.956612110137939453e+00
2.732087373733520508e+00
2.167893409729003906e+00
1.969099760055541992e+00
2.519816160202026367e+00
3.035130262374877930e+00
1.499454975128173828e+00
1.543524146080017090e+00
2.276714324951171875e+00
1.931193232536315918e+00
2.824937343597412109e+00
3.367420673370361328e+00
3.425981521606445312e+00
2.735119581222534180e+00
3.146479606628417969e+00
2.666492938995361328e+00
1.588953256607055664e+00
2.704344749450683594e+00
6.875729560852050781e+00
2.313043117523193359e+00
1.539134025573730469e+00
2.884287118911743164e+00
2.504880905151367188e+00
3.002084255218505859e+00
6.379047870635986328e+00
1.566082835197448730e+00
2.572054147720336914e+00
2.411578655242919922e+00
3.183325767517089844e+00
2.615562438964843750e+00
6.564027786254882812e+00
2.061942100524902344e+00
1.507248282432556152e+00
2.749318122863769531e+00
3.124183893203735352e+00
2.047435998916625977e+00
6.876875400543212891e+00
2.102567434310913086e+00
2.401949167251586914e+00
3.826959848403930664e+00
3.028075456619262695e+00
4.525066852569580078e+00
3.453037738800048828e+00
1.814169287681579590e+00
1.924778461456298828e+00
1.340393066406250000e+00
2.375906467437744141e+00
2.495844602584838867e+00
1.406921744346618652e+00
1.577646732330322266e+00
2.600067138671875000e+00
4.355409145355224609e+00
1.926333069801330566e+00
2.426440477371215820e+00
3.501699924468994141e+00
4.286815643310546875e+00
2.902026653289794922e+00
2.129178524017333984e+00
3.039082050323486328e+00
2.678058862686157227e+00
3.371321916580200195e+00
1.910530328750610352e+00
1.488495945930480957e+00
2.298234701156616211e+00
1.422755837440490723e+00
2.399069547653198242e+00
3.541245460510253906e+00
2.891942501068115234e+00
8.137177228927612305e-01
1.553310990333557129e+00
5.410143852233886719e+00
2.941593885421752930e+00
2.213180065155029297e+00
2.203318834304809570e+00
2.038566827774047852e+00
3.171308279037475586e+00
1.897200584411621094e+00
2.349227428436279297e+00
4.792536258697509766e+00
2.321851730346679688e+00
2.174704313278198242e+00
4.697983741760253906e+00
1.527294874191284180e+00
2.002252817153930664e+00
1.898945450782775879e+00
3.093102216720581055e+00
4.041415691375732422e+00
3.658293247222900391e+00
4.600661754608154297e+00
2.796142101287841797e+00
3.198297023773193359e+00
3.396148443222045898e+00
1.847704291343688965e+00
2.102429389953613281e+00
2.317091464996337891e+00
2.171127557754516602e+00
3.786642551422119141e+00
1.532734632492065430e+00
2.285436868667602539e+00
1.145823001861572266e+00
1.567804813385009766e+00
2.423448562622070312e+00
1.999530911445617676e+00
1.973219752311706543e+00
2.712384223937988281e+00
3.412396192550659180e+00
2.269946098327636719e+00
1.681586861610412598e+00
2.736069917678833008e+00
1.884854912757873535e+00
4.194001197814941406e+00
2.439440965652465820e+00
2.303280591964721680e+00
1.952589511871337891e+00
2.369018554687500000e+00
1.847923755645751953e+00
3.085358858108520508e+00
1.983545064926147461e+00
3.174918413162231445e+00
2.985422372817993164e+00
3.474061012268066406e+00
2.333908796310424805e+00
5.129504680633544922e+00
1.132380485534667969e+00
2.391312599182128906e+00
4.066207885742187500e+00
2.850200653076171875e+00
3.044906616210937500e+00
2.714168071746826172e+00
2.427613973617553711e+00
3.462177038192749023e+00
2.762546062469482422e+00
1.041143059730529785e+00
3.343918323516845703e+00
5.655301570892333984e+00
2.056149959564208984e+00
4.196933269500732422e+00
2.674976587295532227e+00
3.389713287353515625e+00
2.282798528671264648e+00
2.949420452117919922e+00
2.119487047195434570e+00
2.668959140777587891e+00
3.632387638092041016e+00
2.985802650451660156e+00
8.488145470619201660e-01
1.780073285102844238e+00
5.369285106658935547e+00
3.075163364410400391e+00
2.693969964981079102e+00
3.483052730560302734e+00
3.312581539154052734e+00
2.650244951248168945e+00
1.491167306900024414e+00
1.655502915382385254e+00
1.998081684112548828e+00
1.820490956306457520e+00
2.227843046188354492e+00
2.642192840576171875e+00
2.002242088317871094e+00
1.883264780044555664e+00
3.255582809448242188e+00
1.378991484642028809e+00
2.833729743957519531e+00
1.127777695655822754e+00
1.940137982368469238e+00
1.651018500328063965e+00
2.236282110214233398e+00
1.693296194076538086e+00
3.371069192886352539e+00
2.519912242889404297e+00
1.784761428833007812e+00
2.435868024826049805e+00
1.610575079917907715e+00
2.606418609619140625e+00
2.157050848007202148e+00
2.194548845291137695e+00
7.441834926605224609e+00
2.668889045715332031e+00
1.020766973495483398e+00
3.348898649215698242e+00
1.823613882064819336e+00
1.420894622802734375e+00
2.449815273284912109e+00
1.896749496459960938e+00
1.381250500679016113e+00
4.160819530487060547e+00
2.159802675247192383e+00
2.182371139526367188e+00
2.028690099716186523e+00
1.471535205841064453e+00
1.810244798660278320e+00
4.241484165191650391e+00
2.478532314300537109e+00
2.223248243331909180e+00
1.950139045715332031e+00
2.325386762619018555e+00
2.159878730773925781e+00
2.741398096084594727e+00
1.793565154075622559e+00
1.463706493377685547e+00
2.657970666885375977e+00
3.037189960479736328e+00
2.465350389480590820e+00
1.517846822738647461e+00
5.488938808441162109e+00
1.075739026069641113e+00
4.815975666046142578e+00
3.015984296798706055e+00
2.528705596923828125e+00
1.879722237586975098e+00
2.169754505157470703e+00
2.467525005340576172e+00
4.400014400482177734e+00
1.984900712966918945e+00
5.237007141113281250e+00
1.794917464256286621e+00
4.371024608612060547e+00
1.550928592681884766e+00
3.337220191955566406e+00
2.755169868469238281e+00
1.794137358665466309e+00
1.294347763061523438e+00
5.085637569427490234e+00
5.718277931213378906e+00
3.143260240554809570e+00
1.772361755371093750e+00
4.510143756866455078e+00
3.692752599716186523e+00
2.118976354598999023e+00
1.501781105995178223e+00
2.026744842529296875e+00
2.574867010116577148e+00
3.650170564651489258e+00
2.638745784759521484e+00
2.034917116165161133e+00
2.471018314361572266e+00
2.363920927047729492e+00
4.547449588775634766e+00
2.670877218246459961e+00
2.989412307739257812e+00
1.385008692741394043e+00
1.233963847160339355e+00
2.496200323104858398e+00
2.593515634536743164e+00
1.949833273887634277e+00
2.512125730514526367e+00
1.780191063880920410e+00
1.863138556480407715e+00
2.171345472335815430e+00
3.379320621490478516e+00
4.008630752563476562e+00
1.106741666793823242e+00
3.975024461746215820e+00
1.818206906318664551e+00
4.232384681701660156e+00
2.484077215194702148e+00
3.231711149215698242e+00
1.753062725067138672e+00
2.574372291564941406e+00
2.331474065780639648e+00
2.756689548492431641e+00
2.899849414825439453e+00
1.402193903923034668e+00
1.839465022087097168e+00
1.847714781761169434e+00
2.001475572586059570e+00
4.274627685546875000e+00
3.663710117340087891e+00
2.592857837677001953e+00
1.897421240806579590e+00
2.251751661300659180e+00
3.073389291763305664e+00
2.526053667068481445e+00
2.106889724731445312e+00
3.004076004028320312e+00
2.578058481216430664e+00
2.374400138854980469e+00
1.800482034683227539e+00
2.841891050338745117e+00
3.197566032409667969e+00
2.221458911895751953e+00
1.720032930374145508e+00
2.431205272674560547e+00
5.154431819915771484e+00
2.119906663894653320e+00
1.667398333549499512e+00
4.655792236328125000e+00
1.900088787078857422e+00
2.225086927413940430e+00
2.564280986785888672e+00
2.777594566345214844e+00
3.166970491409301758e+00
2.756119728088378906e+00
2.567625045776367188e+00
2.634367942810058594e+00
3.910261631011962891e+00
3.033708333969116211e+00
6.588592529296875000e+00
2.828004598617553711e+00
4.338097095489501953e+00
2.221219778060913086e+00
2.498148441314697266e+00
3.707229137420654297e+00
2.550305843353271484e+00
1.833690762519836426e+00
2.583136320114135742e+00
2.141067743301391602e+00
2.124205827713012695e+00
2.143220186233520508e+00
3.002830982208251953e+00
1.487713217735290527e+00
3.062579870223999023e+00
1.633276820182800293e+00
4.059362411499023438e+00
3.624076843261718750e+00
9.174391746520996094e+00
1.923040747642517090e+00
3.654607057571411133e+00
9.112442970275878906e+00
1.969082832336425781e+00
2.173251390457153320e+00
3.807046651840209961e+00
1.702460169792175293e+00
1.771572113037109375e+00
3.369666814804077148e+00
2.156071186065673828e+00
1.419046759605407715e+00
2.042104721069335938e+00
2.158394098281860352e+00
4.124708175659179688e+00
1.322282075881958008e+00
2.384129285812377930e+00
2.062277317047119141e+00
1.514731287956237793e+00
3.076983690261840820e+00
4.649451255798339844e+00
2.743860721588134766e+00
2.931460142135620117e+00
6.443742752075195312e+00
2.061236619949340820e+00
1.488062858581542969e+00
3.461309194564819336e+00
2.284171581268310547e+00
3.148129463195800781e+00
4.325969696044921875e+00
2.250849485397338867e+00
1.879380106925964355e+00
1.275893688201904297e+00
2.626054048538208008e+00
1.542016863822937012e+00
3.176730871200561523e+00
4.627160549163818359e+00
3.163819074630737305e+00
1.586813330650329590e+00
1.968069076538085938e+00
1.161606907844543457e+00
4.381604671478271484e+00
2.106810331344604492e+00
2.274741649627685547e+00
3.074492216110229492e+00
3.000398397445678711e+00
3.097450017929077148e+00
1.695791125297546387e+00
4.173073768615722656e+00
4.191427707672119141e+00
2.563482284545898438e+00
1.912077546119689941e+00
1.235389113426208496e+00
7.507915496826171875e-01
4.663097381591796875e+00
3.524851799011230469e+00
1.413701295852661133e+00
1.983790755271911621e+00
3.000845909118652344e+00
3.155729055404663086e+00
2.562384366989135742e+00
4.698795795440673828e+00
3.417098045349121094e+00
1.577793240547180176e+00
4.141169548034667969e+00
5.748565196990966797e+00
2.492787837982177734e+00
2.906597375869750977e+00
5.670884609222412109e+00
2.724725723266601562e+00
2.470117330551147461e+00
2.858819007873535156e+00
5.785559654235839844e+00
7.441965103149414062e+00
3.250299215316772461e+00
2.567863225936889648e+00
2.013938188552856445e+00
2.575478076934814453e+00
4.744117736816406250e+00
4.332367420196533203e+00
1.606180667877197266e+00
2.647166967391967773e+00
2.754029273986816406e+00
3.424491167068481445e+00
2.170519113540649414e+00
2.090084552764892578e+00
2.154904365539550781e+00
3.943670034408569336e+00
2.806213855743408203e+00
4.573112010955810547e+00
3.935182094573974609e+00
3.042593717575073242e+00
2.110537052154541016e+00
3.547513246536254883e+00
1.980854034423828125e+00
2.513437986373901367e+00
3.142034530639648438e+00
1.997371196746826172e+00
2.088215112686157227e+00
3.051896810531616211e+00
2.087616443634033203e+00
3.695780754089355469e+00
2.287482500076293945e+00
2.553988456726074219e+00
2.375448465347290039e+00
