-1.977222263813018799e-01
-6.750036776065826416e-02
-7.783186435699462891e-02
-6.302655488252639771e-02
-7.437599450349807739e-02
-9.862450510263442993e-02
-7.422835379838943481e-02
-1.054407656192779541e-01
-6.292358785867691040e-02
-8.164361119270324707e-02
-1.272058039903640747e-01
-1.565271466970443726e-01
-9.917665272951126099e-02
-1.107919961214065552e-01
-1.358527690172195435e-01
-1.183746829628944397e-01
-4.128934815526008606e-02
-1.217629313468933105e-01
-1.464873105287551880e-01
-1.155298873782157898e-01
-8.100835978984832764e-02
-5.507354065775871277e-02
-9.072806686162948608e-02
-1.347373276948928833e-01
-1.071311905980110168e-01
-1.108025982975959778e-01
-1.123193725943565369e-01
-7.430268079042434692e-02
-8.797298371791839600e-02
-3.790373727679252625e-02
-1.226517036557197571e-01
-5.691198259592056274e-02
-1.139569208025932312e-01
-1.388321220874786377e-01
-9.767017513513565063e-02
-1.331669241189956665e-01
-1.741265654563903809e-01
-1.096369549632072449e-01
-8.541703969240188599e-02
-1.099036410450935364e-01
-1.209175884723663330e-01
-8.304682374000549316e-02
-9.815286844968795776e-02
-2.872058749198913574e-02
-1.362092345952987671e-01
-7.377511262893676758e-02
-1.019344702363014221e-01
-1.449370533227920532e-01
-6.613336503505706787e-02
-1.552409976720809937e-01
-8.041537553071975708e-02
-9.867420047521591187e-02
-1.048760265111923218e-01
-1.252395063638687134e-01
-1.234162896871566772e-01
-8.175966143608093262e-02
-9.923347085714340210e-02
-7.975559681653976440e-02
-1.244601532816886902e-01
-9.107698500156402588e-02
-6.500274688005447388e-02
-1.162515431642532349e-01
-1.529439687728881836e-01
-1.429568231105804443e-01
-9.730853885412216187e-02
-1.334912925958633423e-01
-1.225265413522720337e-01
-6.967729330062866211e-02
-1.092741563916206360e-01
-7.934829592704772949e-02
-9.708774089813232422e-02
-1.319732666015625000e-01
-1.089996024966239929e-01
-9.295971691608428955e-02
-1.109022349119186401e-01
-1.139068230986595154e-01
-1.001995727419853210e-01
-5.449936538934707642e-02
-1.394592076539993286e-01
-3.368601575493812561e-02
-6.922207772731781006e-02
-1.183321401476860046e-01
-1.068664938211441040e-01
-8.843453228473663330e-02
-1.234303861856460571e-01
-7.558774203062057495e-02
-1.006402373313903809e-01
-1.407070308923721313e-01
-8.990849554538726807e-02
-1.347240060567855835e-01
-5.103156715631484985e-02
-9.198500216007232666e-02
-7.659005373716354370e-02
-7.618744671344757080e-02
-1.514340341091156006e-01
-1.176969558000564575e-01
-9.571038186550140381e-02
-1.457719802856445312e-01
-6.652926653623580933e-02
-8.515970408916473389e-02
-1.418196707963943481e-01
-5.031453818082809448e-02
-3.791148215532302856e-02
-1.649430394172668457e-01
-9.696072340011596680e-02
-9.847820550203323364e-02
-9.640371054410934448e-02
-1.239652931690216064e-01
-1.083770692348480225e-01
-1.153728142380714417e-01
-9.045933187007904053e-02
-5.929882451891899109e-02
-9.221963584423065186e-02
-5.951257422566413879e-02
-4.034578800201416016e-02
-1.013254970312118530e-01
-5.877806991338729858e-02
-1.264482438564300537e-01
-5.544633045792579651e-02
-8.493445813655853271e-02
-1.046643108129501343e-01
-1.383864879608154297e-01
-1.155693009495735168e-01
-8.100198209285736084e-02
-4.460436850786209106e-02
-1.129492446780204773e-01
-9.739261865615844727e-02
-6.505668163299560547e-02
-1.549206376075744629e-01
-9.484875947237014771e-02
-1.002356037497520447e-01
-9.028639644384384155e-02
-1.313075274229049683e-01
-9.382361918687820435e-02
1.096819713711738586e-01
-1.261690855026245117e-01
-1.552015990018844604e-01
-4.114896804094314575e-02
-6.856137514114379883e-02
-1.579896360635757446e-01
-6.979823857545852661e-02
-4.751362651586532593e-02
-8.662120997905731201e-02
-4.385078325867652893e-02
4.538508597761392593e-03
-1.018415912985801697e-01
-4.293979331851005554e-02
-1.884031444787979126e-01
-1.374336034059524536e-01
-2.405395917594432831e-02
-9.985504299402236938e-02
-1.075298637151718140e-01
-1.013622581958770752e-01
-9.988381713628768921e-02
-8.197878301143646240e-02
-1.611500978469848633e-02
-1.085764616727828979e-01
-1.483397036790847778e-01
-1.258164495229721069e-01
-1.225581914186477661e-01
-1.077629178762435913e-01
-1.942363567650318146e-02
-1.191650554537773132e-01
-6.278180330991744995e-02
-1.272182613611221313e-01
-4.848477244377136230e-02
-4.345315694808959961e-02
-1.591106057167053223e-01
-7.382383942604064941e-02
-7.928553968667984009e-02
-1.510384529829025269e-01
-1.109076142311096191e-01
-1.051623001694679260e-01
-8.713331073522567749e-02
-1.053448915481567383e-01
-1.582593917846679688e-01
-1.153133288025856018e-01
-8.692941814661026001e-02
-8.917910605669021606e-02
-1.415240019559860229e-01
-9.276928752660751343e-02
-1.140184402465820312e-01
-1.227792948484420776e-01
-1.163035333156585693e-01
-8.420244604349136353e-02
-3.400873392820358276e-02
-1.203156411647796631e-01
-9.041184186935424805e-02
-1.276441961526870728e-01
-7.590270787477493286e-02
-1.517173945903778076e-01
-1.413371711969375610e-01
-1.060100644826889038e-01
-7.788649946451187134e-02
-3.564492613077163696e-02
-2.210105396807193756e-02
-4.881757497787475586e-02
-1.093665063381195068e-01
-8.578753471374511719e-02
-5.622365325689315796e-02
-8.491132408380508423e-02
-1.652989238500595093e-01
-9.101247042417526245e-02
-1.104798913002014160e-01
-1.007327139377593994e-01
-3.125009313225746155e-02
-6.201799958944320679e-02
-4.515179991722106934e-02
-9.211867302656173706e-02
-5.880600586533546448e-02
-7.807490229606628418e-02
-8.815001696348190308e-02
-1.247878000140190125e-01
-7.976572215557098389e-02
-7.268016785383224487e-02
-8.632301539182662964e-02
-6.471076607704162598e-02
-9.742747992277145386e-02
-1.548824161291122437e-01
-6.517137587070465088e-02
-7.636566460132598877e-02
-7.626424729824066162e-02
-9.852924197912216187e-02
-1.030775606632232666e-01
-3.050803206861019135e-02
-1.262756288051605225e-01
-6.113170087337493896e-02
-1.082732006907463074e-01
-1.295195221900939941e-01
-1.321538388729095459e-01
-1.262938827276229858e-01
-6.652565300464630127e-02
-8.138514310121536255e-02
-1.015994399785995483e-01
-8.022265136241912842e-02
-1.192604154348373413e-01
-1.280672699213027954e-01
-8.238646388053894043e-02
-1.416652053594589233e-01
-7.009973376989364624e-02
-1.383886635303497314e-01
-1.019940674304962158e-01
-7.389429211616516113e-02
-8.927622437477111816e-02
-6.139236316084861755e-02
-1.322933137416839600e-01
-6.910722702741622925e-02
-9.062156081199645996e-02
-6.168218702077865601e-02
-9.143549203872680664e-02
-9.103142470121383667e-02
-1.041996553540229797e-01
-1.045652627944946289e-01
-7.345896214246749878e-02
-1.281602233648300171e-01
-1.338733136653900146e-01
