-2.513482570648193359e-01
-2.201943546533584595e-01
4.078075587749481201e-01
1.159294471144676208e-01
-2.642245888710021973e-01
-4.956180229783058167e-02
4.124960005283355713e-01
-1.225641556084156036e-02
-6.905616726726293564e-03
-5.478242635726928711e-01
9.845036268234252930e-02
-4.134013950824737549e-01
3.526710867881774902e-01
-1.948033571243286133e-01
-7.476129382848739624e-02
1.370718032121658325e-01
-2.307917922735214233e-01
-2.513941824436187744e-01
-6.774118542671203613e-02
-2.812420129776000977e-01
-2.532005012035369873e-01
4.159438237547874451e-02
6.145749688148498535e-01
-5.608627200126647949e-02
1.523343026638031006e-01
1.194567531347274780e-01
-8.634883910417556763e-03
2.032645605504512787e-02
5.569120645523071289e-01
-2.576268315315246582e-01
-4.636599123477935791e-02
4.049264788627624512e-01
1.752021349966526031e-02
-7.026211917400360107e-02
-2.516599297523498535e-01
3.227496743202209473e-01
2.536895275115966797e-01
3.237380385398864746e-01
-1.757551878690719604e-01
-8.253865689039230347e-02
-2.002739757299423218e-01
-3.970206379890441895e-01
-1.558219641447067261e-01
6.595711708068847656e-01
-3.664669394493103027e-01
4.847866594791412354e-01
5.407577380537986755e-02
-3.861210942268371582e-01
1.492451727390289307e-01
-8.310860954225063324e-03
3.312437832355499268e-01
8.505547046661376953e-02
-5.670075416564941406e-01
-5.378850102424621582e-01
1.374738812446594238e-01
-2.203340381383895874e-01
1.257824450731277466e-01
2.170405238866806030e-01
-2.312627583742141724e-01
-1.503693312406539917e-01
-4.076675325632095337e-02
1.562345921993255615e-01
-1.446117162704467773e-01
-1.304344236850738525e-01
-1.585626006126403809e-01
1.406277865171432495e-01
1.264985054731369019e-01
-4.196618199348449707e-01
-2.440932840108871460e-01
-2.158503383398056030e-01
-1.239792676642537117e-03
-2.124172896146774292e-01
1.396706253290176392e-01
-2.783538028597831726e-02
-3.763989210128784180e-01
3.736248612403869629e-01
-1.058279275894165039e-01
-5.852437019348144531e-01
-3.756209334824234247e-04
-4.477324485778808594e-01
-1.554827243089675903e-01
-1.475660800933837891e-01
-4.169891029596328735e-02
1.683336347341537476e-01
2.012778073549270630e-01
-2.152901841327548027e-03
-5.133619904518127441e-01
1.964703351259231567e-01
-2.718902826309204102e-01
-1.850773543119430542e-01
-4.184392094612121582e-01
-3.824942409992218018e-01
-3.600251376628875732e-01
-3.346706926822662354e-01
-3.339453414082527161e-02
3.308124840259552002e-02
-1.409562528133392334e-01
-7.275952398777008057e-02
1.658669412136077881e-01
8.195766806602478027e-02
-4.081750810146331787e-01
3.101176582276821136e-02
-3.136501610279083252e-01
-1.210013702511787415e-01
-1.906997859477996826e-01
-1.237297505140304565e-01
-2.535813152790069580e-01
7.490870356559753418e-02
-2.085295319557189941e-01
-2.994673848152160645e-01
-2.326539158821105957e-01
-4.312624037265777588e-01
-9.942258149385452271e-02
3.102955818176269531e-01
-4.972768202424049377e-02
-1.363466978073120117e-01
-3.356728851795196533e-01
-6.341517567634582520e-01
1.632238477468490601e-01
-3.251643478870391846e-01
1.411243379116058350e-01
2.087970823049545288e-01
6.539436429738998413e-02
2.160195447504520416e-02
-3.384310007095336914e-01
1.360726356506347656e-01
-4.665619134902954102e-02
2.332898378372192383e-01
-5.351113677024841309e-01
3.244464099407196045e-01
-4.769148305058479309e-03
1.476903706789016724e-01
-3.449073731899261475e-01
-4.325353205204010010e-01
-3.501453995704650879e-01
4.669264703989028931e-02
-1.722664833068847656e-01
-2.328330874443054199e-01
-2.256775945425033569e-01
-3.802491128444671631e-01
-3.183690011501312256e-01
2.175313234329223633e-01
3.045078739523887634e-02
2.657644748687744141e-01
4.514977633953094482e-01
-7.151130586862564087e-02
-1.194498762488365173e-01
-2.840182781219482422e-01
-3.595726191997528076e-01
5.657293796539306641e-01
3.374514877796173096e-01
-1.093266382813453674e-01
-7.473105937242507935e-02
-3.695794641971588135e-01
-3.236587345600128174e-02
5.472922325134277344e-01
2.385834157466888428e-01
2.020889073610305786e-01
2.764319479465484619e-01
-2.821528613567352295e-01
1.488126963376998901e-01
3.674243018031120300e-02
8.104799687862396240e-02
-1.319418102502822876e-01
2.477734833955764771e-01
-1.000783294439315796e-01
2.132944464683532715e-01
-3.831696212291717529e-01
-2.050975710153579712e-01
2.137469947338104248e-01
3.301227688789367676e-01
-1.694027781486511230e-01
2.730779945850372314e-01
-2.142220586538314819e-01
-2.821435034275054932e-01
3.237297832965850830e-01
-1.545862257480621338e-01
4.127491116523742676e-01
-4.647916257381439209e-01
3.063484132289886475e-01
1.114081870764493942e-02
9.941526502370834351e-02
-4.587862174957990646e-03
9.823389351367950439e-02
3.586813807487487793e-01
-8.238773792982101440e-02
1.550208330154418945e-01
-2.302286624908447266e-01
-4.960060119628906250e-02
4.310772120952606201e-01
-4.609000384807586670e-01
-1.354616284370422363e-01
-1.896227747201919556e-01
3.755178153514862061e-01
1.908877044916152954e-01
1.205243915319442749e-01
1.094606965780258179e-01
1.020372509956359863e-01
1.645877361297607422e-01
3.631377965211868286e-02
-2.054393440485000610e-01
2.809473276138305664e-01
-2.624711096286773682e-01
2.788098156452178955e-01
1.705194562673568726e-01
-6.622964143753051758e-01
-5.594652295112609863e-01
-4.583724141120910645e-01
-3.523782491683959961e-01
-5.515871644020080566e-01
4.958616942167282104e-02
-6.267405301332473755e-02
-2.684217691421508789e-01
1.819583624601364136e-01
1.273262649774551392e-01
-2.558189034461975098e-01
-3.601501286029815674e-01
-1.539415568113327026e-01
-1.627089530229568481e-01
-1.343296319246292114e-01
1.222139075398445129e-01
-3.198257684707641602e-01
-8.761218190193176270e-02
-3.956452906131744385e-01
1.142733991146087646e-01
-6.924370676279067993e-02
1.801638752222061157e-01
-2.319218218326568604e-01
-2.535335123538970947e-01
1.385622471570968628e-01
-4.666493833065032959e-02
2.852778732776641846e-01
-6.475877016782760620e-02
7.776566594839096069e-02
1.987927407026290894e-01
-8.737944066524505615e-02
5.514561533927917480e-01
1.526557654142379761e-01
6.375394016504287720e-02
-2.291896194219589233e-01
6.443158388137817383e-01
-2.363513708114624023e-01
4.027732461690902710e-02
2.233196347951889038e-01
-2.827324867248535156e-01
-2.112595587968826294e-01
-4.413760900497436523e-01
2.053845673799514771e-01
4.599421918392181396e-01
-3.201657831668853760e-01
-2.720673382282257080e-01
1.081882566213607788e-01
1.056777164340019226e-01
-3.439925611019134521e-01
4.706299304962158203e-01
4.886007606983184814e-01
-3.636769652366638184e-01
-3.287385404109954834e-01
8.683320879936218262e-02
-2.994931936264038086e-01
-2.700147926807403564e-01
7.705941796302795410e-02
-2.128690183162689209e-01
-4.408782124519348145e-01
-9.420881420373916626e-02
3.561407625675201416e-01
-8.265600353479385376e-02
-4.148404002189636230e-01
2.813913524150848389e-01
7.558836787939071655e-02
-4.634586721658706665e-02
8.242911100387573242e-02
-7.585511356592178345e-02
5.638371706008911133e-01
-2.717619836330413818e-01
-1.615821272134780884e-01
1.660187989473342896e-01
1.121661141514778137e-01
-2.129594534635543823e-01
1.184018701314926147e-01
1.247975677251815796e-01
-3.467035591602325439e-01
2.590613253414630890e-02
7.900369912385940552e-02
4.478085339069366455e-01
9.445808529853820801e-01
5.294448137283325195e-01
1.245405822992324829e-01
2.257565706968307495e-01
-1.989238113164901733e-01
-1.108551695942878723e-01
1.749789528548717499e-02
-7.037441134452819824e-01
3.792486190795898438e-01
-1.429790109395980835e-01
-1.877734959125518799e-01
2.585915327072143555e-01
-2.033496052026748657e-01
1.581903100013732910e-01
1.553400326520204544e-02
-2.520951032638549805e-01
-3.102542161941528320e-01
-2.881763875484466553e-01
3.927682340145111084e-02
-2.692665159702301025e-01
1.179127246141433716e-01
9.090935438871383667e-02
5.443705916404724121e-01
6.713833808898925781e-01
-1.871138960123062134e-01
2.913405001163482666e-01
1.815487630665302277e-02
-4.296402633190155029e-01
-3.268786072731018066e-01
-1.154274046421051025e-01
5.190470069646835327e-02
-3.218524456024169922e-01
2.020651102066040039e-01
8.177930116653442383e-02
-1.166580915451049805e-01
-8.256594836711883545e-02
-1.032768934965133667e-02
-1.484156250953674316e-01
7.645505014806985855e-03
-3.172993361949920654e-01
-2.266799360513687134e-01
3.536101877689361572e-01
-1.288772677071392536e-03
2.763837873935699463e-01
-3.649492561817169189e-02
5.365000367164611816e-01
-1.981247961521148682e-01
2.762815952301025391e-01
-1.014574170112609863e-01
-1.971733719110488892e-01
-3.951550647616386414e-02
-2.369478642940521240e-01
-1.223264262080192566e-01
-5.893218517303466797e-01
-1.996179968118667603e-01
1.434624344110488892e-01
2.602829933166503906e-01
9.260840713977813721e-02
-1.261999607086181641e-01
-2.284636050462722778e-01
-7.046737242490053177e-03
-3.281517326831817627e-01
-4.682645201683044434e-01
1.556796878576278687e-01
-4.394448548555374146e-02
2.905296385288238525e-01
8.846605569124221802e-02
-4.451910778880119324e-02
-1.026068925857543945e-01
-2.325987219810485840e-01
-2.058090716600418091e-01
-3.080169558525085449e-01
-1.944018155336380005e-01
-2.560898959636688232e-01
-2.165573537349700928e-01
-1.390505880117416382e-01
1.258522737771272659e-02
-2.393283545970916748e-01
1.721059717237949371e-02
-4.674054309725761414e-02
3.502965271472930908e-01
-2.766711115837097168e-01
5.349874123930931091e-02
5.096223950386047363e-01
9.709751605987548828e-02
-3.615634143352508545e-01
-2.788808941841125488e-01
2.798867225646972656e-01
3.270442038774490356e-02
-4.158734530210494995e-02
-6.671705096960067749e-02
1.761471182107925415e-01
3.857074677944183350e-01
-1.904355436563491821e-01
-3.815911710262298584e-01
-1.826993972063064575e-01
-4.115285277366638184e-01
1.400633305311203003e-01
2.394905686378479004e-01
2.418756633996963501e-01
1.419491022825241089e-01
-4.416134655475616455e-01
4.589823633432388306e-02
-1.534388214349746704e-01
-3.409719467163085938e-02
3.634921610355377197e-01
-9.962919354438781738e-02
2.610597014427185059e-01
-7.160302996635437012e-02
-1.066817343235015869e-01
4.402650892734527588e-01
-3.186513483524322510e-01
1.725376695394515991e-01
1.784824728965759277e-01
-1.826312392950057983e-01
-8.480775356292724609e-02
-4.682010114192962646e-01
-1.788296997547149658e-01
5.487067699432373047e-01
-3.305136263370513916e-01
-4.671600461006164551e-01
-1.651528328657150269e-01
1.710158437490463257e-01
-1.840005218982696533e-01
-1.800040453672409058e-01
-1.909360289573669434e-01
8.213523030281066895e-01
6.728341430425643921e-02
-3.805557191371917725e-01
-1.421656310558319092e-01
-1.881243288516998291e-01
-7.831356674432754517e-02
-1.576494574546813965e-01
-1.055788844823837280e-01
2.928528003394603729e-02
5.013703107833862305e-01
-3.320170640945434570e-01
2.893456816673278809e-01
2.564817667007446289e-01
2.757709920406341553e-01
-2.447788417339324951e-02
3.388214409351348877e-01
-5.527173355221748352e-02
-6.450585722923278809e-01
-1.162600815296173096e-01
-5.251142382621765137e-01
-2.071989178657531738e-01
2.922785282135009766e-01
5.434521436691284180e-01
-3.142437934875488281e-01
-1.483275443315505981e-01
1.012034490704536438e-01
9.343529236502945423e-04
-3.721845448017120361e-01
1.538456529378890991e-01
-1.689533591270446777e-01
-1.878279596567153931e-01
-8.079744875431060791e-02
4.170107841491699219e-01
6.546451896429061890e-02
-9.329777210950851440e-03
-1.379932612180709839e-01
3.962686359882354736e-01
3.407510370016098022e-02
-2.784767448902130127e-01
-1.107326969504356384e-01
4.185067955404520035e-03
5.362547039985656738e-01
-3.003224031999707222e-03
-2.750214338302612305e-01
2.274756133556365967e-01
2.079136073589324951e-01
-3.929629623889923096e-01
-3.965322102885693312e-04
8.134820312261581421e-02
2.711784541606903076e-01
1.614162623882293701e-01
1.099307537078857422e-01
-1.162377521395683289e-01
-1.118447035551071167e-01
-2.017598971724510193e-02
2.875580452382564545e-02
-9.549548476934432983e-02
1.409957855939865112e-01
1.631982028484344482e-01
5.796458125114440918e-01
5.588841624557971954e-03
2.507584691047668457e-01
-1.943475157022476196e-01
1.322140544652938843e-01
-1.767399907112121582e-01
1.597310155630111694e-01
-1.029728353023529053e-02
4.288213551044464111e-01
2.197587192058563232e-01
-5.226869583129882812e-01
-2.922729551792144775e-01
3.100993633270263672e-01
5.291242599487304688e-01
-1.069801524281501770e-01
1.858225166797637939e-01
2.248154282569885254e-01
4.735909998416900635e-01
5.761996284127235413e-02
2.361034601926803589e-02
1.151269823312759399e-01
1.918636262416839600e-01
3.834102451801300049e-01
1.639759242534637451e-01
-3.266502320766448975e-01
-6.628433614969253540e-02
-5.946858227252960205e-02
-1.708745770156383514e-02
2.054419070482254028e-01
-2.356258928775787354e-01
-5.954596772789955139e-02
1.266859769821166992e-01
3.287898004055023193e-01
-2.206335961818695068e-01
-9.053608775138854980e-02
3.226914703845977783e-01
8.933290839195251465e-02
-8.420120924711227417e-02
-2.066984027624130249e-01
2.614183723926544189e-01
3.793181180953979492e-01
2.500489540398120880e-02
-1.307931989431381226e-01
-2.218796759843826294e-01
1.325585097074508667e-01
7.793323695659637451e-02
6.306893192231655121e-03
4.557547867298126221e-01
2.133733034133911133e-02
-1.255883723497390747e-01
1.205471828579902649e-01
4.029311537742614746e-01
8.523918688297271729e-02
-5.345041677355766296e-02
6.526739895343780518e-02
-9.253015369176864624e-02
-1.396808475255966187e-01
-1.059001982212066650e-01
3.061667084693908691e-01
-3.953625857830047607e-01
-3.697692155838012695e-01
-3.582230806350708008e-01
2.848862409591674805e-01
-2.949919700622558594e-01
-2.411587983369827271e-01
-1.926753222942352295e-01
1.708948463201522827e-01
-1.334030181169509888e-01
7.145603746175765991e-02
1.482445746660232544e-01
-8.277294039726257324e-02
-5.859871208667755127e-02
-1.565895974636077881e-01
-2.930848672986030579e-02
-3.234988451004028320e-01
4.282312393188476562e-01
1.176998689770698547e-01
6.485438346862792969e-01
-3.437162041664123535e-01
3.384477198123931885e-01
-4.909194707870483398e-01
-2.923146784305572510e-01
1.846487671136856079e-01
9.273221343755722046e-02
1.728154718875885010e-01
3.305659592151641846e-01
1.909572184085845947e-01
3.122068569064140320e-02
1.208674460649490356e-01
-3.585825562477111816e-01
-2.154339551925659180e-01
3.690905869007110596e-01
2.802941203117370605e-01
-3.678884804248809814e-01
3.096863999962806702e-02
-5.667422413825988770e-01
-8.208405226469039917e-03
1.480576545000076294e-01
-1.881381720304489136e-01
-5.379714965820312500e-01
1.428941339254379272e-01
-9.040253609418869019e-02
4.972303509712219238e-01
5.056342110037803650e-02
1.938385367393493652e-01
-7.282461971044540405e-02
2.031442672014236450e-01
4.918535053730010986e-01
-1.833982951939105988e-02
-2.491173706948757172e-02
-2.272348850965499878e-01
-6.283328868448734283e-03
3.129305243492126465e-01
-2.437738701701164246e-02
4.559737071394920349e-02
8.553146384656429291e-03
-3.051415383815765381e-01
-1.216033622622489929e-01
-1.691384911537170410e-01
1.306864023208618164e-01
-1.418115850538015366e-02
4.010546803474426270e-01
-3.678870946168899536e-02
1.718765199184417725e-01
-3.796786367893218994e-01
2.104155533015727997e-02
1.188535317778587341e-01
-2.574037946760654449e-02
2.797031998634338379e-01
-5.332233309745788574e-01
-2.752074897289276123e-01
1.265608519315719604e-01
-2.533262670040130615e-01
1.088047698140144348e-01
-4.276708066463470459e-01
-3.225306272506713867e-01
8.631411194801330566e-02
2.633895026519894600e-03
-6.281313300132751465e-01
-1.582616865634918213e-01
4.443411231040954590e-01
4.946448504924774170e-01
8.593955077230930328e-03
9.175757318735122681e-02
-1.505752056837081909e-01
-6.850973516702651978e-02
1.368297040462493896e-01
-3.731544315814971924e-01
-1.162206977605819702e-01
-1.377946734428405762e-01
3.770272433757781982e-01
8.539027720689773560e-02
-1.570032387971878052e-01
1.850931942462921143e-01
2.320348098874092102e-02
1.856836974620819092e-01
3.509455323219299316e-01
1.825815141201019287e-01
-2.076258063316345215e-01
-2.853196561336517334e-01
-1.635434627532958984e-01
-4.317883253097534180e-01
-1.681680232286453247e-01
-3.643082082271575928e-01
-7.538413256406784058e-02
2.476877719163894653e-01
1.798286586999893188e-01
-4.587739706039428711e-01
-1.306682527065277100e-01
2.441084533929824829e-01
1.312862932682037354e-01
-1.350847333669662476e-01
3.052252829074859619e-01
2.083817869424819946e-01
3.376162052154541016e-01
3.658556342124938965e-01
-3.885921835899353027e-01
2.979817390441894531e-01
1.710216328501701355e-02
-1.094715818762779236e-01
-5.157418847084045410e-01
-3.938357159495353699e-02
2.195149958133697510e-01
5.657753720879554749e-02
3.193199634552001953e-01
7.047878205776214600e-02
2.204895466566085815e-01
6.633474677801132202e-02
-3.698961734771728516e-01
-4.731955751776695251e-02
-2.919160388410091400e-02
-1.870092935860157013e-02
7.993333972990512848e-03
1.450586020946502686e-01
-1.618317365646362305e-01
2.202579230070114136e-01
-3.339560627937316895e-01
-2.196225821971893311e-01
-1.440042257308959961e-01
8.348483592271804810e-02
-1.857564002275466919e-01
4.102839902043342590e-02
-1.146377995610237122e-01
3.494692742824554443e-01
-9.134837985038757324e-02
-2.038891762495040894e-01
-7.042716443538665771e-02
1.931405067443847656e-01
1.055116057395935059e-01
-2.298096418380737305e-01
3.809894993901252747e-02
-6.382139772176742554e-02
1.615589261054992676e-01
-1.935194879770278931e-01
-1.138719096779823303e-01
-8.326535224914550781e-01
-1.126181567087769508e-03
2.834498882293701172e-01
1.733226776123046875e-01
-3.222088515758514404e-01
3.439901173114776611e-01
2.246773391962051392e-01
-2.644399404525756836e-01
-1.005299985408782959e-01
9.365591406822204590e-02
-1.051592528820037842e-01
2.492483891546726227e-02
2.331909090280532837e-01
-8.097770810127258301e-02
5.307281017303466797e-01
-1.069512218236923218e-01
4.321267604827880859e-01
1.096565499901771545e-01
-2.617820799350738525e-01
-5.744727849960327148e-01
6.726686377078294754e-03
1.182321906089782715e-01
1.805348098278045654e-01
-2.076914906501770020e-01
-8.223737776279449463e-02
1.352832913398742676e-01
1.879380941390991211e-01
5.111883953213691711e-02
1.661131978034973145e-01
-2.309060543775558472e-01
-2.175598777830600739e-02
-9.093396365642547607e-02
-9.291070699691772461e-02
6.398979108780622482e-03
-2.270933240652084351e-01
1.040523219853639603e-02
-4.271205663681030273e-01
1.823563575744628906e-01
-2.590231895446777344e-01
-3.893314898014068604e-01
-1.071168854832649231e-01
8.897135406732559204e-02
3.619061037898063660e-02
-3.727984055876731873e-02
5.995349586009979248e-02
2.416989393532276154e-02
3.968057036399841309e-01
2.548705600202083588e-02
3.952970206737518311e-01
3.488205373287200928e-01
-1.807704716920852661e-01
-3.008566498756408691e-01
-3.767184615135192871e-01
-3.560368716716766357e-01
1.712008416652679443e-01
-1.725871562957763672e-01
8.722230792045593262e-02
-1.972158998250961304e-01
-4.121176600456237793e-01
-3.201968371868133545e-01
-1.060453876852989197e-01
-8.482057601213455200e-02
-3.735029697418212891e-01
3.490561842918395996e-01
2.857530117034912109e-01
2.848082408308982849e-02
-3.255308270454406738e-01
2.390823066234588623e-01
-9.578390419483184814e-02
1.408663392066955566e-01
1.523735187947750092e-02
-1.938552595674991608e-02
-3.996292874217033386e-02
1.528979688882827759e-01
-3.206436336040496826e-01
1.532073765993118286e-01
-2.576903998851776123e-01
-1.407527476549148560e-01
4.246568307280540466e-02
2.249073237180709839e-01
-2.664240822196006775e-02
-1.259263008832931519e-01
-3.517139330506324768e-02
-6.970422267913818359e-01
-2.916173338890075684e-01
2.198355495929718018e-01
2.154808342456817627e-01
6.476191803812980652e-03
-3.312838375568389893e-01
7.012292742729187012e-02
3.519757688045501709e-01
-3.635881841182708740e-01
-9.086737781763076782e-02
-1.740204244852066040e-01
-1.246140748262405396e-01
2.373967766761779785e-01
8.497372269630432129e-02
-1.900008171796798706e-01
-5.479584336280822754e-01
4.218987524509429932e-01
3.626140952110290527e-01
1.653508692979812622e-01
-5.236150696873664856e-03
-1.255520526319742203e-02
4.541356861591339111e-01
-3.671230971813201904e-01
2.560768127441406250e-01
2.022729963064193726e-01
-3.246344625949859619e-02
2.042834311723709106e-01
4.506748616695404053e-01
1.085018143057823181e-01
2.302078008651733398e-01
6.815836578607559204e-02
5.107467249035835266e-02
-3.134820237755775452e-02
-9.035744518041610718e-02
-1.086029112339019775e-01
-3.319234028458595276e-02
-1.883494108915328979e-01
4.289543032646179199e-01
-2.052179127931594849e-01
3.071642518043518066e-01
-4.270560145378112793e-01
-5.922746658325195312e-01
-9.010695666074752808e-02
4.583907127380371094e-02
-2.400557547807693481e-01
6.217909455299377441e-01
4.494674205780029297e-01
1.694920100271701813e-02
4.897333681583404541e-02
1.697632968425750732e-01
-4.678545892238616943e-01
-5.510549247264862061e-02
-3.328347802162170410e-01
1.331320106983184814e-01
-3.318011760711669922e-01
6.622067838907241821e-02
-8.829018473625183105e-02
-1.663542985916137695e-01
-3.764141201972961426e-01
3.229668140411376953e-01
-4.206955432891845703e-01
-5.834598559886217117e-04
-1.586911827325820923e-01
-1.662209630012512207e-01
-2.567307353019714355e-01
-2.825071513652801514e-01
-6.114524230360984802e-02
-2.714172303676605225e-01
3.018677234649658203e-02
3.435792624950408936e-01
1.359150111675262451e-01
1.172204166650772095e-01
2.213642746210098267e-01
-5.380698442459106445e-01
-3.452942967414855957e-01
4.575024247169494629e-01
-2.184453308582305908e-01
1.025082841515541077e-01
-2.492863088846206665e-01
-1.750268042087554932e-01
8.227967470884323120e-02
-3.847936913371086121e-02
-4.438557326793670654e-01
-1.946785748004913330e-01
-3.036962747573852539e-01
1.049670875072479248e-01
-1.628923118114471436e-01
-2.136872857809066772e-01
-4.428527131676673889e-02
1.383538078516721725e-02
-9.076570160686969757e-03
-2.947425842285156250e-01
4.324298799037933350e-01
3.672791123390197754e-01
-8.949973434209823608e-02
5.469390749931335449e-01
4.618329703807830811e-01
-2.219215780496597290e-02
1.462416052818298340e-01
2.477049082517623901e-01
-3.125815093517303467e-01
3.014925122261047363e-01
-3.515752553939819336e-01
-1.225324198603630066e-01
8.089350908994674683e-02
1.280107907950878143e-02
-5.346000194549560547e-02
-7.855644077062606812e-02
-3.150135278701782227e-02
4.845457151532173157e-02
-7.339752465486526489e-02
2.115129083395004272e-01
-2.636425793170928955e-01
-4.510277509689331055e-01
8.788290619850158691e-02
-6.183493137359619141e-01
2.338388264179229736e-01
-3.019939064979553223e-01
-1.721120923757553101e-01
2.359577715396881104e-01
-5.773203372955322266e-01
-8.479602634906768799e-02
-4.026321321725845337e-02
-1.002694144845008850e-01
5.993661284446716309e-02
-3.695200979709625244e-01
-4.032755792140960693e-01
-2.165056318044662476e-01
-9.710018336772918701e-02
-4.987075924873352051e-01
-4.099672138690948486e-01
-1.799095720052719116e-01
4.426921606063842773e-01
-1.245027184486389160e-01
-1.216644123196601868e-01
-1.144004389643669128e-01
-1.726557314395904541e-02
2.116631483659148216e-03
-6.670807003974914551e-01
2.630330622196197510e-01
-1.913615614175796509e-01
-1.705004572868347168e-01
-7.408402860164642334e-03
-6.137678772211074829e-02
1.954049021005630493e-01
-2.967531085014343262e-01
1.860019415616989136e-01
-1.568601578474044800e-01
-7.179445028305053711e-02
3.315451368689537048e-02
8.286207169294357300e-02
3.667268902063369751e-02
-3.589141368865966797e-01
1.104799583554267883e-01
-6.314479112625122070e-01
1.095809489488601685e-01
-2.436686009168624878e-01
-1.154274046421051025e-01
-2.091401219367980957e-01
-2.922458350658416748e-01
2.453519590198993683e-02
5.275342613458633423e-02
3.996037542819976807e-01
-2.763254046440124512e-01
-1.324237883090972900e-01
-5.260900780558586121e-02
-7.133644819259643555e-02
9.479411691427230835e-02
1.921390295028686523e-01
-3.518073558807373047e-01
-1.961475610733032227e-01
1.709611266851425171e-01
-3.800752460956573486e-01
-1.524677313864231110e-02
-7.039990276098251343e-03
-7.625996321439743042e-02
-8.220335841178894043e-02
3.664128854870796204e-02
4.235730171203613281e-01
1.485129445791244507e-01
-1.300344467163085938e-01
-7.016868591308593750e-01
8.844289183616638184e-02
-4.279733002185821533e-01
-2.481711059808731079e-01
-1.176058724522590637e-01
-2.784970104694366455e-01
-7.120136916637420654e-02
1.160017326474189758e-01
-2.712026238441467285e-01
-3.099193871021270752e-01
1.655848175287246704e-01
3.351362049579620361e-01
-5.666811466217041016e-01
-4.537197947502136230e-02
-1.938940286636352539e-01
4.424469918012619019e-02
-2.859693467617034912e-01
8.795911818742752075e-02
-3.401305973529815674e-01
-3.399960398674011230e-01
1.293050944805145264e-01
-6.174050644040107727e-02
1.482881009578704834e-01
-3.645022511482238770e-01
1.255037784576416016e-01
-3.120205402374267578e-01
-2.110187113285064697e-01
6.026624888181686401e-02
6.141062453389167786e-02
-1.147652119398117065e-01
3.214001357555389404e-01
6.011142954230308533e-02
-2.846926450729370117e-01
-3.331695869565010071e-02
3.204928636550903320e-01
-2.714588865637779236e-02
-5.194101929664611816e-01
1.263776570558547974e-01
-2.721508741378784180e-01
-3.777227923274040222e-02
-5.036515370011329651e-02
-1.524070501327514648e-01
1.610099077224731445e-01
1.145203784108161926e-01
2.251183055341243744e-02
-1.193912886083126068e-02
-5.819355696439743042e-02
-3.621209040284156799e-02
2.200125455856323242e-01
-1.623036265373229980e-01
4.348282217979431152e-01
-1.633647084236145020e-01
-8.491745591163635254e-01
-2.657674811780452728e-02
-4.815102368593215942e-02
2.814101576805114746e-01
-1.883292496204376221e-01
3.807500600814819336e-01
-2.785734832286834717e-01
5.818879231810569763e-02
-1.214990988373756409e-01
1.074933074414730072e-02
1.678199023008346558e-01
-2.312154322862625122e-01
-6.280137458816170692e-04
-2.930577397346496582e-01
-1.133999153971672058e-01
-2.392920404672622681e-01
-6.266177892684936523e-01
-1.907334178686141968e-01
-1.005072891712188721e-01
-2.919809222221374512e-01
-2.734526395797729492e-01
-5.897561460733413696e-02
-3.173783123493194580e-01
