9.976690411567687988e-01
1.010854601860046387e+00
9.925100803375244141e-01
1.000767230987548828e+00
1.002051115036010742e+00
1.002975463867187500e+00
9.913280606269836426e-01
9.988604187965393066e-01
9.921652078628540039e-01
9.980723261833190918e-01
1.006340265274047852e+00
1.000419139862060547e+00
1.001854300498962402e+00
9.915224909782409668e-01
9.949654340744018555e-01
9.913734197616577148e-01
9.926378726959228516e-01
9.930413961410522461e-01
1.000568509101867676e+00
1.001738786697387695e+00
1.004193067550659180e+00
9.931970238685607910e-01
1.002779364585876465e+00
9.973518252372741699e-01
1.004047036170959473e+00
1.010272979736328125e+00
9.878242015838623047e-01
9.968643188476562500e-01
9.908635616302490234e-01
9.973053336143493652e-01
1.003007054328918457e+00
9.893046021461486816e-01
9.965507388114929199e-01
9.921556115150451660e-01
1.006401777267456055e+00
1.012444853782653809e+00
9.893991351127624512e-01
1.000307798385620117e+00
9.938934445381164551e-01
9.925196766853332520e-01
1.007615923881530762e+00
9.958800673484802246e-01
9.952325224876403809e-01
9.995998740196228027e-01
9.879375696182250977e-01
1.005092620849609375e+00
1.008156895637512207e+00
1.000029921531677246e+00
1.010669231414794922e+00
9.925206899642944336e-01
1.000228524208068848e+00
9.996011853218078613e-01
9.988408684730529785e-01
9.957448244094848633e-01
9.938250780105590820e-01
9.997118711471557617e-01
1.013150095939636230e+00
1.007640361785888672e+00
9.954975247383117676e-01
1.000649690628051758e+00
1.000885486602783203e+00
1.004096150398254395e+00
1.004982948303222656e+00
9.996699690818786621e-01
9.900580644607543945e-01
1.000802040100097656e+00
9.960206747055053711e-01
1.000472784042358398e+00
9.990583062171936035e-01
9.952210187911987305e-01
9.953361153602600098e-01
9.839801192283630371e-01
9.989638924598693848e-01
1.004956722259521484e+00
9.909682869911193848e-01
1.029296994209289551e+00
9.949048161506652832e-01
9.954214096069335938e-01
1.006134033203125000e+00
1.009717226028442383e+00
9.986827969551086426e-01
1.013225913047790527e+00
9.950042963027954102e-01
1.002472400665283203e+00
1.002565503120422363e+00
9.952992200851440430e-01
1.004261612892150879e+00
9.961565136909484863e-01
1.009175181388854980e+00
9.995461702346801758e-01
9.995394945144653320e-01
9.937276244163513184e-01
1.013638138771057129e+00
9.965571761131286621e-01
1.003743052482604980e+00
9.824996590614318848e-01
9.974110126495361328e-01
9.921845197677612305e-01
9.907666444778442383e-01
1.008827447891235352e+00
1.001012086868286133e+00
1.004324793815612793e+00
9.953973889350891113e-01
9.956541061401367188e-01
9.996770620346069336e-01
9.928584694862365723e-01
9.943805336952209473e-01
9.970725178718566895e-01
1.006988167762756348e+00
1.003455519676208496e+00
1.002701163291931152e+00
9.986343383789062500e-01
9.970605373382568359e-01
1.000553369522094727e+00
9.933898448944091797e-01
9.918391704559326172e-01
1.008096337318420410e+00
1.011739730834960938e+00
1.004426956176757812e+00
1.008368730545043945e+00
9.973162412643432617e-01
1.003291606903076172e+00
9.894983172416687012e-01
9.924597144126892090e-01
9.898242354393005371e-01
9.946184158325195312e-01
9.889862537384033203e-01
1.002342581748962402e+00
1.004877686500549316e+00
9.940602183341979980e-01
1.013422250747680664e+00
1.000310420989990234e+00
9.913108348846435547e-01
9.891179203987121582e-01
1.012987256050109863e+00
9.999360442161560059e-01
1.003082156181335449e+00
9.954653978347778320e-01
9.977678060531616211e-01
9.974141716957092285e-01
1.002170443534851074e+00
1.001560330390930176e+00
9.948411583900451660e-01
1.002462506294250488e+00
9.930045604705810547e-01
1.011303663253784180e+00
9.949184656143188477e-01
9.965102076530456543e-01
1.007180213928222656e+00
9.999385476112365723e-01
1.006963849067687988e+00
1.006065130233764648e+00
1.004251599311828613e+00
9.939034581184387207e-01
9.903801083564758301e-01
1.005681872367858887e+00
9.868763685226440430e-01
1.007162332534790039e+00
1.001041769981384277e+00
1.006168961524963379e+00
9.948015213012695312e-01
9.926514029502868652e-01
9.862592816352844238e-01
9.994639158248901367e-01
1.007044315338134766e+00
1.004233479499816895e+00
9.988694787025451660e-01
9.986780285835266113e-01
9.985929727554321289e-01
1.007672429084777832e+00
9.905715584754943848e-01
9.971213340759277344e-01
1.005726218223571777e+00
1.001765012741088867e+00
1.005286335945129395e+00
1.000717401504516602e+00
9.889981746673583984e-01
1.016265749931335449e+00
1.008106946945190430e+00
1.002208352088928223e+00
9.976896643638610840e-01
9.927342534065246582e-01
1.001667618751525879e+00
1.006263256072998047e+00
9.988425374031066895e-01
1.012066364288330078e+00
1.013178825378417969e+00
9.922463893890380859e-01
9.955952167510986328e-01
9.998651146888732910e-01
1.004562377929687500e+00
1.000914812088012695e+00
9.974768757820129395e-01
1.005108475685119629e+00
9.966663718223571777e-01
9.995907545089721680e-01
9.985290169715881348e-01
1.049375772476196289e+00
9.990497827529907227e-01
9.903902411460876465e-01
1.003616809844970703e+00
9.995729923248291016e-01
9.980904459953308105e-01
9.920133352279663086e-01
9.931231141090393066e-01
1.008330702781677246e+00
9.869787096977233887e-01
1.003666520118713379e+00
9.961799383163452148e-01
1.000314116477966309e+00
9.985576272010803223e-01
1.000711321830749512e+00
1.001032471656799316e+00
1.009527683258056641e+00
1.008851289749145508e+00
1.019163727760314941e+00
9.995010495185852051e-01
9.955542683601379395e-01
9.989168643951416016e-01
9.927681088447570801e-01
9.913583993911743164e-01
9.968934059143066406e-01
9.977952241897583008e-01
9.977968335151672363e-01
1.005424380302429199e+00
1.004675388336181641e+00
9.918465018272399902e-01
9.990842938423156738e-01
1.002778291702270508e+00
9.920732975006103516e-01
1.004050612449645996e+00
1.001226186752319336e+00
1.006745338439941406e+00
9.931513071060180664e-01
1.007239460945129395e+00
9.948583841323852539e-01
1.009330868721008301e+00
1.001753211021423340e+00
9.989444613456726074e-01
9.984059333801269531e-01
1.009395122528076172e+00
1.006765365600585938e+00
1.008309364318847656e+00
1.001016020774841309e+00
9.991997480392456055e-01
1.005117416381835938e+00
9.937634468078613281e-01
1.004950523376464844e+00
1.005271553993225098e+00
1.003377079963684082e+00
1.005452752113342285e+00
9.999706149101257324e-01
1.001245260238647461e+00
1.005630612373352051e+00
1.005827665328979492e+00
1.000822663307189941e+00
9.859048724174499512e-01
9.903857111930847168e-01
1.002516031265258789e+00
1.001756668090820312e+00
9.955989718437194824e-01
9.989512562751770020e-01
9.935807585716247559e-01
1.001252293586730957e+00
1.010257124900817871e+00
1.005551695823669434e+00
1.000447750091552734e+00
1.006000041961669922e+00
1.001981258392333984e+00
1.001318335533142090e+00
1.000313997268676758e+00
9.860944151878356934e-01
1.006921172142028809e+00
9.994055628776550293e-01
9.903923273086547852e-01
9.935329556465148926e-01
9.995815157890319824e-01
9.969456791877746582e-01
9.937229156494140625e-01
1.005420684814453125e+00
1.002192616462707520e+00
9.975905418395996094e-01
9.980553984642028809e-01
9.967147707939147949e-01
1.010087132453918457e+00
1.000798463821411133e+00
1.012559652328491211e+00
1.005147099494934082e+00
1.006967544555664062e+00
9.913922548294067383e-01
1.000390410423278809e+00
1.003603100776672363e+00
1.008247137069702148e+00
1.000852823257446289e+00
9.944131970405578613e-01
9.975296854972839355e-01
9.971278309822082520e-01
9.985611438751220703e-01
1.014326810836791992e+00
1.000157475471496582e+00
9.943642020225524902e-01
9.936997890472412109e-01
1.004422903060913086e+00
1.001788735389709473e+00
1.004682064056396484e+00
9.987685084342956543e-01
9.885035753250122070e-01
9.998055100440979004e-01
1.006013154983520508e+00
1.001309275627136230e+00
1.011209249496459961e+00
1.004949688911437988e+00
1.005340456962585449e+00
9.907072782516479492e-01
1.001306653022766113e+00
1.002285480499267578e+00
1.003616809844970703e+00
1.008327364921569824e+00
9.886205792427062988e-01
9.966113567352294922e-01
1.003379344940185547e+00
1.000942468643188477e+00
1.005971670150756836e+00
9.973423480987548828e-01
1.006469845771789551e+00
9.955170154571533203e-01
1.007068395614624023e+00
1.000390052795410156e+00
9.927728176116943359e-01
1.000382184982299805e+00
9.886178374290466309e-01
1.003087759017944336e+00
1.000926136970520020e+00
1.016016721725463867e+00
1.000761508941650391e+00
9.971979260444641113e-01
1.006249427795410156e+00
1.003245592117309570e+00
9.942168593406677246e-01
9.937080144882202148e-01
1.003200173377990723e+00
1.006837844848632812e+00
9.929962754249572754e-01
9.935455918312072754e-01
1.009192585945129395e+00
9.948744773864746094e-01
9.969700574874877930e-01
9.989081621170043945e-01
9.901359677314758301e-01
9.933010935783386230e-01
1.008674860000610352e+00
1.003116369247436523e+00
9.965915679931640625e-01
1.001963376998901367e+00
9.971321821212768555e-01
1.000115275382995605e+00
1.001870870590209961e+00
1.006895065307617188e+00
1.004014253616333008e+00
9.971999526023864746e-01
9.945141077041625977e-01
9.995980858802795410e-01
1.000912904739379883e+00
1.002653956413269043e+00
1.011425375938415527e+00
9.933586716651916504e-01
1.007634401321411133e+00
1.000141382217407227e+00
1.003263473510742188e+00
9.912654757499694824e-01
9.962101578712463379e-01
9.873420596122741699e-01
1.004304766654968262e+00
9.964966177940368652e-01
9.956856369972229004e-01
9.928040504455566406e-01
9.973168373107910156e-01
1.002789258956909180e+00
1.004105448722839355e+00
9.936271905899047852e-01
9.947199225425720215e-01
1.003041028976440430e+00
1.000720620155334473e+00
1.005994796752929688e+00
1.004466295242309570e+00
1.000819921493530273e+00
9.910370111465454102e-01
9.951121211051940918e-01
9.853265285491943359e-01
9.990309476852416992e-01
9.974946379661560059e-01
1.004352211952209473e+00
9.966866970062255859e-01
1.003123760223388672e+00
1.002233862876892090e+00
9.981688857078552246e-01
1.001665234565734863e+00
1.001105904579162598e+00
9.938898682594299316e-01
9.991110563278198242e-01
9.971670508384704590e-01
9.938086867332458496e-01
1.019106149673461914e+00
9.936527013778686523e-01
9.970649480819702148e-01
1.023394465446472168e+00
9.961838126182556152e-01
1.003160834312438965e+00
9.951420426368713379e-01
1.005382418632507324e+00
1.003731489181518555e+00
9.916729331016540527e-01
1.002805471420288086e+00
1.001953244209289551e+00
9.931832551956176758e-01
1.018007516860961914e+00
9.996503591537475586e-01
9.902416467666625977e-01
9.941980838775634766e-01
1.001338601112365723e+00
9.950690269470214844e-01
9.980068802833557129e-01
9.983531236648559570e-01
9.979878067970275879e-01
1.019390344619750977e+00
9.992904067039489746e-01
9.905698895454406738e-01
1.009812235832214355e+00
9.978702664375305176e-01
9.968930482864379883e-01
9.922333359718322754e-01
9.983236193656921387e-01
1.004353165626525879e+00
1.003422856330871582e+00
9.925559759140014648e-01
9.930369257926940918e-01
1.005492568016052246e+00
1.006076693534851074e+00
1.004990696907043457e+00
9.994906187057495117e-01
9.888741374015808105e-01
1.015312433242797852e+00
9.978274703025817871e-01
1.000740289688110352e+00
9.871265292167663574e-01
9.967191219329833984e-01
1.003777265548706055e+00
1.004747629165649414e+00
9.815831184387207031e-01
1.017746210098266602e+00
9.981727004051208496e-01
9.862623810768127441e-01
9.926685094833374023e-01
1.002505421638488770e+00
1.000277161598205566e+00
9.949310421943664551e-01
9.889720082283020020e-01
1.002014040946960449e+00
1.006007313728332520e+00
9.960551857948303223e-01
1.005827784538269043e+00
1.001235961914062500e+00
9.998248815536499023e-01
1.003301143646240234e+00
1.006367802619934082e+00
9.955605864524841309e-01
9.965813755989074707e-01
9.969927668571472168e-01
9.977791309356689453e-01
1.009149789810180664e+00
9.970199465751647949e-01
9.898731112480163574e-01
1.004216909408569336e+00
1.015110135078430176e+00
9.972935318946838379e-01
1.006609797477722168e+00
1.000832796096801758e+00
1.006310343742370605e+00
9.869139790534973145e-01
1.005320549011230469e+00
1.002989172935485840e+00
9.937577247619628906e-01
1.013519167900085449e+00
1.005671143531799316e+00
9.954151511192321777e-01
9.881790876388549805e-01
9.913693666458129883e-01
9.940901398658752441e-01
9.955603480339050293e-01
9.978991150856018066e-01
1.002648234367370605e+00
1.001268744468688965e+00
1.002969861030578613e+00
9.958176016807556152e-01
1.002777814865112305e+00
1.006911277770996094e+00
1.002750992774963379e+00
1.000513911247253418e+00
9.994776248931884766e-01
9.957870841026306152e-01
1.000460386276245117e+00
1.000729322433471680e+00
9.961780309677124023e-01
9.963145256042480469e-01
1.000373005867004395e+00
9.993649721145629883e-01
1.001003503799438477e+00
9.940859079360961914e-01
1.000047087669372559e+00
1.002048373222351074e+00
1.001418471336364746e+00
1.001690626144409180e+00
