9.625095129013061523e-01
9.749200344085693359e-01
9.774124622344970703e-01
9.668055176734924316e-01
9.667554497718811035e-01
9.917744398117065430e-01
9.798194766044616699e-01
9.743640422821044922e-01
9.736874103546142578e-01
9.760219454765319824e-01
9.895169734954833984e-01
1.028553605079650879e+00
1.011315941810607910e+00
9.874717593193054199e-01
9.824455976486206055e-01
1.008427739143371582e+00
9.748420119285583496e-01
9.865294694900512695e-01
1.003451585769653320e+00
9.732354283332824707e-01
1.012752771377563477e+00
9.836152195930480957e-01
1.001803040504455566e+00
9.785918593406677246e-01
9.891020059585571289e-01
9.632127881050109863e-01
1.023545384407043457e+00
1.000616073608398438e+00
1.025818705558776855e+00
9.747911095619201660e-01
9.750831723213195801e-01
9.996982216835021973e-01
9.600632786750793457e-01
9.827102422714233398e-01
9.917063117027282715e-01
1.016809701919555664e+00
9.729209542274475098e-01
1.002148747444152832e+00
9.837891459465026855e-01
9.991025328636169434e-01
9.544062018394470215e-01
9.904177784919738770e-01
1.008040547370910645e+00
1.004462003707885742e+00
9.811227321624755859e-01
1.000038385391235352e+00
9.661991000175476074e-01
9.886767864227294922e-01
9.999741315841674805e-01
9.968388080596923828e-01
9.984806180000305176e-01
9.793857932090759277e-01
9.715166091918945312e-01
9.946941137313842773e-01
9.689055085182189941e-01
9.493005275726318359e-01
9.669283032417297363e-01
9.741352200508117676e-01
9.668109416961669922e-01
9.883562326431274414e-01
9.898388981819152832e-01
9.824710488319396973e-01
9.757392406463623047e-01
9.949384927749633789e-01
9.858946800231933594e-01
1.000926852226257324e+00
9.994223117828369141e-01
9.845899939537048340e-01
9.686712026596069336e-01
9.750795960426330566e-01
9.643767476081848145e-01
9.873695969581604004e-01
9.769808053970336914e-01
9.826756119728088379e-01
9.754192233085632324e-01
9.997162222862243652e-01
9.916955232620239258e-01
9.723856449127197266e-01
1.015150785446166992e+00
9.913144707679748535e-01
1.006888747215270996e+00
9.954706430435180664e-01
9.744057655334472656e-01
1.026513814926147461e+00
9.694115519523620605e-01
1.005762815475463867e+00
1.001238226890563965e+00
9.702889919281005859e-01
9.458467960357666016e-01
9.713261723518371582e-01
9.716640114784240723e-01
9.727745056152343750e-01
9.602853655815124512e-01
1.003884792327880859e+00
9.616274833679199219e-01
9.818425178527832031e-01
9.792641401290893555e-01
9.852601289749145508e-01
9.809648394584655762e-01
9.839633703231811523e-01
1.010904788970947266e+00
9.705980420112609863e-01
9.716814756393432617e-01
9.692527055740356445e-01
9.855115413665771484e-01
9.563159942626953125e-01
9.772200584411621094e-01
9.932843446731567383e-01
9.812701344490051270e-01
9.916721582412719727e-01
1.045720696449279785e+00
9.869703054428100586e-01
9.668879508972167969e-01
9.725851416587829590e-01
1.000924706459045410e+00
9.928309321403503418e-01
1.024448871612548828e+00
9.745801687240600586e-01
9.712396860122680664e-01
9.897212386131286621e-01
9.727732539176940918e-01
9.731997847557067871e-01
1.014432311058044434e+00
1.021647214889526367e+00
9.909228682518005371e-01
1.027693271636962891e+00
9.688295722007751465e-01
9.843367338180541992e-01
1.030525565147399902e+00
9.641003012657165527e-01
9.623650312423706055e-01
9.784378409385681152e-01
1.001239180564880371e+00
9.694496989250183105e-01
9.762951135635375977e-01
1.016851663589477539e+00
9.404264092445373535e-01
9.860140681266784668e-01
9.999374747276306152e-01
9.912518858909606934e-01
9.569629430770874023e-01
9.977045655250549316e-01
1.005580425262451172e+00
1.001285791397094727e+00
9.760937690734863281e-01
9.699149727821350098e-01
9.882174730300903320e-01
9.882714152336120605e-01
9.680508971214294434e-01
9.867128133773803711e-01
1.006918311119079590e+00
9.745987057685852051e-01
9.661311507225036621e-01
9.777479767799377441e-01
1.003448605537414551e+00
9.732487797737121582e-01
9.837442636489868164e-01
1.005374550819396973e+00
9.687188863754272461e-01
9.771491885185241699e-01
9.835662841796875000e-01
1.023300886154174805e+00
1.018197417259216309e+00
9.712713360786437988e-01
9.580007791519165039e-01
9.788787364959716797e-01
9.965937733650207520e-01
9.734405875205993652e-01
9.680417776107788086e-01
9.998101592063903809e-01
9.770657420158386230e-01
9.757402539253234863e-01
9.749859571456909180e-01
9.615381956100463867e-01
9.731837511062622070e-01
9.896752834320068359e-01
9.637797474861145020e-01
9.871709942817687988e-01
9.789133667945861816e-01
9.677773714065551758e-01
9.993990063667297363e-01
9.691182374954223633e-01
1.013505339622497559e+00
9.828109741210937500e-01
1.009192943572998047e+00
1.025022029876708984e+00
9.633824229240417480e-01
9.748868942260742188e-01
9.659594297409057617e-01
9.704722166061401367e-01
9.933193325996398926e-01
9.773016571998596191e-01
9.656019806861877441e-01
9.746541380882263184e-01
9.744518995285034180e-01
1.003850340843200684e+00
9.971333146095275879e-01
9.984132051467895508e-01
9.867631793022155762e-01
1.003487467765808105e+00
9.893258213996887207e-01
9.827144145965576172e-01
9.789245128631591797e-01
9.697874188423156738e-01
9.926422238349914551e-01
9.836121201515197754e-01
1.034402251243591309e+00
9.797812700271606445e-01
9.948751926422119141e-01
9.735489487648010254e-01
9.862601161003112793e-01
1.017933607101440430e+00
9.843634963035583496e-01
1.032196760177612305e+00
9.879794120788574219e-01
9.872488975524902344e-01
9.268299341201782227e-01
1.019918918609619141e+00
1.007981896400451660e+00
9.892012476921081543e-01
9.786610603332519531e-01
1.000028371810913086e+00
9.669403433799743652e-01
9.778040647506713867e-01
9.837376475334167480e-01
9.611628055572509766e-01
9.861901998519897461e-01
9.448895454406738281e-01
1.010855078697204590e+00
9.862811565399169922e-01
9.608544111251831055e-01
9.874977469444274902e-01
9.695437550544738770e-01
9.841216206550598145e-01
9.914466738700866699e-01
1.020423650741577148e+00
9.949477910995483398e-01
9.805852770805358887e-01
9.761973619461059570e-01
1.004156827926635742e+00
9.734698534011840820e-01
9.817847013473510742e-01
9.780546426773071289e-01
9.764810204505920410e-01
9.790404438972473145e-01
9.668171405792236328e-01
9.838083982467651367e-01
9.854762554168701172e-01
1.036309599876403809e+00
9.893382191658020020e-01
1.004157423973083496e+00
9.914191961288452148e-01
9.898822903633117676e-01
1.010273575782775879e+00
1.012343645095825195e+00
1.000618577003479004e+00
