3.607298135757446289e-01
-5.160911083221435547e-01
-2.129852622747421265e-01
-3.783338004723191261e-03
-7.513511776924133301e-01
-8.991724252700805664e-02
-9.410099983215332031e-01
-5.162844657897949219e-01
4.424509406089782715e-01
-1.956632174551486969e-02
-1.217596046626567841e-02
-4.492177665233612061e-01
-5.460029840469360352e-01
-2.668602764606475830e-01
3.228375222533941269e-03
9.736238420009613037e-02
-8.453439474105834961e-01
-1.005850434303283691e+00
1.569276452064514160e-01
1.344515532255172729e-01
-2.533182799816131592e-01
-1.765132844448089600e-01
2.583338022232055664e-01
-5.797609686851501465e-01
-3.572331964969635010e-01
1.704487949609756470e-01
-4.902962744235992432e-01
-1.493939161300659180e-01
3.694626688957214355e-01
1.409409046173095703e-01
-7.537480592727661133e-01
-2.426474392414093018e-01
5.078513920307159424e-02
4.150860756635665894e-02
-5.482937097549438477e-01
-1.829814761877059937e-01
2.690378129482269287e-01
-4.743874967098236084e-01
5.906134098768234253e-02
5.531313419342041016e-01
1.519382148981094360e-01
-1.890502572059631348e-01
-2.619260549545288086e-01
-8.032615482807159424e-02
-2.115032225847244263e-01
-2.405508458614349365e-01
-5.439735651016235352e-01
-5.144331455230712891e-01
-2.824677228927612305e-01
-4.589554965496063232e-01
-3.494038283824920654e-01
-4.083454981446266174e-02
-4.127212762832641602e-01
-4.171330928802490234e-01
-9.652709960937500000e-01
4.547022283077239990e-01
-2.006438672542572021e-01
1.878467947244644165e-01
-7.308301329612731934e-02
-6.947582364082336426e-01
-3.420745134353637695e-01
2.649731636047363281e-01
2.638614475727081299e-01
5.204192399978637695e-01
3.955135345458984375e-01
2.708560228347778320e-01
7.933218032121658325e-02
-5.664532184600830078e-01
-3.018991462886333466e-02
-4.702064022421836853e-02
-3.297665715217590332e-02
1.933132559061050415e-01
-5.413944646716117859e-02
-4.755487442016601562e-01
-6.784290075302124023e-01
6.109034419059753418e-01
-3.002908825874328613e-01
-2.894238233566284180e-01
4.260456989868544042e-06
-3.348748087882995605e-01
-3.264667689800262451e-01
9.087579846382141113e-01
4.886364936828613281e-02
-4.056719541549682617e-01
9.240118414163589478e-02
-1.443599015474319458e-01
1.934920698404312134e-01
-5.910701155662536621e-01
1.514168381690979004e-01
-1.692518740892410278e-01
1.934511512517929077e-01
-9.800633788108825684e-01
-6.575943231582641602e-01
-5.689558386802673340e-01
-3.992103040218353271e-01
-2.873103618621826172e-01
-9.328809380531311035e-01
4.814407825469970703e-01
7.281319051980972290e-02
3.810066878795623779e-01
-6.512528657913208008e-01
1.546996235847473145e-01
1.502592931501567364e-03
1.275805383920669556e-01
-2.688726969063282013e-02
2.430856078863143921e-01
-6.180629730224609375e-01
1.137319505214691162e-01
-1.959747225046157837e-01
-2.429082691669464111e-01
4.296788871288299561e-01
4.550729393959045410e-01
-2.959377467632293701e-01
1.510091498494148254e-02
-6.275130510330200195e-01
-2.067538909614086151e-02
6.332330107688903809e-01
-4.133317619562149048e-02
-4.850106313824653625e-03
-2.226146906614303589e-01
-1.558080315589904785e-01
-3.955909907817840576e-01
-6.635499596595764160e-01
-2.620479762554168701e-01
-1.804074645042419434e-01
1.688203960657119751e-01
-3.766691684722900391e-01
1.434824019670486450e-01
-3.694383800029754639e-01
-4.584388732910156250e-01
1.501101255416870117e-01
-2.211250364780426025e-01
8.319599926471710205e-02
3.960114717483520508e-01
-8.768332749605178833e-02
-3.360303342342376709e-01
-6.275629401206970215e-01
-3.092810809612274170e-01
-4.456818476319313049e-02
-3.663691282272338867e-01
1.694592982530593872e-01
-1.784167587757110596e-01
1.766575686633586884e-02
-2.301870882511138916e-01
8.322850614786148071e-02
3.973481059074401855e-01
1.366023868322372437e-01
1.916959881782531738e-01
-3.188096582889556885e-01
-1.164135262370109558e-01
-4.653168022632598877e-01
2.482172995805740356e-01
-6.434887647628784180e-01
-3.854868113994598389e-01
1.740255504846572876e-01
4.743859171867370605e-01
-3.749254941940307617e-01
-1.824519932270050049e-01
1.188301742076873779e-01
9.588189423084259033e-02
6.724055111408233643e-02
4.265658929944038391e-02
4.236606881022453308e-02
-7.983418107032775879e-01
-3.131690621376037598e-01
-3.594924807548522949e-01
2.399888932704925537e-01
-7.110037803649902344e-01
4.424781501293182373e-01
-9.465946257114410400e-02
3.002185001969337463e-02
6.661443971097469330e-03
-1.768857389688491821e-01
7.420758008956909180e-01
1.332451701164245605e-01
-2.998020499944686890e-02
-2.787036895751953125e-01
-7.969256490468978882e-02
-2.639644145965576172e-01
-5.667916312813758850e-02
-5.250723361968994141e-01
3.416080176830291748e-01
9.265484660863876343e-02
-3.137366846203804016e-03
3.139473199844360352e-01
-2.745062410831451416e-01
-2.588246166706085205e-01
-3.162993192672729492e-01
-6.687790751457214355e-01
5.390615388751029968e-02
-1.282702386379241943e-01
9.770501405000686646e-02
-1.058267429471015930e-01
-2.686591148376464844e-01
8.997876197099685669e-02
5.833519995212554932e-02
2.407094091176986694e-01
1.713720709085464478e-01
-1.025982126593589783e-01
4.010893404483795166e-02
-3.627699017524719238e-01
-4.041163623332977295e-02
-7.205414772033691406e-02
-7.552092075347900391e-01
-2.136104553937911987e-01
-1.056413073092699051e-02
-1.650319099426269531e-01
-2.870656549930572510e-01
1.063471380621194839e-02
-3.582083061337471008e-02
-5.962221026420593262e-01
-1.356455385684967041e-01
-4.469925165176391602e-01
-2.590689957141876221e-01
6.905110180377960205e-02
-5.385591387748718262e-01
-3.794147074222564697e-01
1.849183142185211182e-01
6.142187863588333130e-02
3.552241325378417969e-01
-4.351616278290748596e-02
2.303433120250701904e-01
-3.582660807296633720e-03
9.671554900705814362e-03
-3.629229962825775146e-03
4.871439337730407715e-01
-1.521658897399902344e-01
2.885834500193595886e-02
-4.736255109310150146e-01
2.873412072658538818e-01
-6.419507861137390137e-01
-4.617033526301383972e-02
-1.212610006332397461e-01
-8.837980031967163086e-02
-1.807446628808975220e-01
2.150793075561523438e-01
-6.742514967918395996e-01
2.073941985145211220e-03
-2.435081303119659424e-01
-2.673582732677459717e-01
-7.019011676311492920e-02
2.019530087709426880e-01
-1.157197877764701843e-01
5.224540233612060547e-01
-3.778645396232604980e-01
-1.887031793594360352e-01
-3.905518054962158203e-01
-2.771890349686145782e-02
-1.990465521812438965e-01
-1.871886849403381348e-01
-6.378077268600463867e-01
-3.054979443550109863e-01
1.160997524857521057e-01
4.222853109240531921e-02
3.697676360607147217e-01
-7.185261249542236328e-01
-1.988225150853395462e-03
-5.544516444206237793e-01
7.615153491497039795e-02
-6.924871206283569336e-01
3.813384100794792175e-02
7.527749985456466675e-02
-3.957973718643188477e-01
-2.179511338472366333e-01
7.925488054752349854e-03
-8.002105355262756348e-01
-3.658447861671447754e-01
-1.990864574909210205e-01
3.166795670986175537e-01
-5.960306152701377869e-02
-2.909302115440368652e-01
-3.638737499713897705e-01
2.579007744789123535e-01
-1.670082658529281616e-01
-1.567402034997940063e-01
4.017539918422698975e-01
4.997430741786956787e-01
-6.235886216163635254e-01
4.794761538505554199e-02
-9.123674035072326660e-02
-4.898703396320343018e-01
5.765235796570777893e-02
-5.705054476857185364e-02
-3.269699960947036743e-02
-2.308648452162742615e-02
-7.810112237930297852e-01
4.030679352581501007e-03
-6.524652242660522461e-02
-1.557628959417343140e-01
-6.910647153854370117e-01
-2.960150837898254395e-01
-7.900972366333007812e-01
-1.981847174465656281e-02
-2.991100549697875977e-01
2.283542305231094360e-01
2.501847743988037109e-01
4.557219520211219788e-02
-3.499448299407958984e-01
-1.629652231931686401e-01
-1.039124876260757446e-01
-1.089803203940391541e-01
8.267410844564437866e-02
-1.036734357476234436e-01
1.277529448270797729e-01
-2.043891400098800659e-01
-3.771777749061584473e-01
1.815159060060977936e-02
-1.437757015228271484e-01
-5.019260048866271973e-01
-2.273683249950408936e-01
-3.062125444412231445e-01
-3.505649268627166748e-01
4.893580079078674316e-01
1.604253947734832764e-01
-5.275402069091796875e-01
9.108257293701171875e-02
-1.791853755712509155e-01
-4.421716148499399424e-04
-1.162588819861412048e-01
2.990544028580188751e-02
4.185368418693542480e-01
-1.340009570121765137e-01
-4.023017287254333496e-01
1.410001665353775024e-01
-3.854459524154663086e-01
5.044237971305847168e-01
-1.917201727628707886e-01
-9.044717550277709961e-01
7.301495075225830078e-01
7.826712727546691895e-01
-4.997285306453704834e-01
-6.617393344640731812e-02
4.463348090648651123e-01
-6.014965772628784180e-01
-3.120547235012054443e-01
7.817862629890441895e-01
2.997112087905406952e-02
-2.781832814216613770e-01
4.794677197933197021e-01
-1.683823913335800171e-01
2.056066691875457764e-01
1.892607361078262329e-01
-8.718016557395458221e-03
-6.598789095878601074e-01
-4.603666067123413086e-02
3.071667551994323730e-01
-1.210062652826309204e-01
2.156105935573577881e-01
2.475987970829010010e-01
-3.979536592960357666e-01
-5.021690130233764648e-01
2.173145115375518799e-01
-3.258818686008453369e-01
-4.394301474094390869e-01
-2.048771977424621582e-01
1.047227606177330017e-01
2.178543657064437866e-01
-6.993719935417175293e-01
-1.767491549253463745e-01
-6.292466819286346436e-02
-3.416188955307006836e-01
-2.648895382881164551e-01
-8.253059983253479004e-01
4.276037514209747314e-01
2.871834337711334229e-01
-9.780668020248413086e-01
2.676746547222137451e-01
-7.630032300949096680e-01
-5.074464678764343262e-01
-4.466177523136138916e-01
-3.429728746414184570e-01
-2.464764565229415894e-01
-6.004642248153686523e-01
-4.208829998970031738e-01
-2.084906846284866333e-01
-5.067437887191772461e-02
-7.529813647270202637e-01
-6.687661260366439819e-02
-3.805901110172271729e-01
4.722991958260536194e-02
1.607587337493896484e-01
5.722615495324134827e-02
-1.847645044326782227e-01
-8.267297148704528809e-01
-6.165567636489868164e-01
-1.100483313202857971e-01
1.231259405612945557e-01
-1.813603490591049194e-01
-6.495711803436279297e-01
-2.938286960124969482e-01
-1.741026341915130615e-02
-1.633313000202178955e-01
7.806108333170413971e-03
-4.743855819106101990e-02
-3.048743903636932373e-01
-1.475854963064193726e-01
-1.528111249208450317e-01
5.708225816488265991e-02
-1.375456452369689941e-01
-7.439798116683959961e-01
4.442625120282173157e-02
-4.160685837268829346e-01
2.719002962112426758e-01
-4.108762145042419434e-01
-1.400756090879440308e-01
-4.361616671085357666e-01
-1.302842348814010620e-01
1.005945503711700439e-01
3.246200680732727051e-01
5.387501046061515808e-02
-3.771458938717842102e-02
-6.971553713083267212e-02
7.805636525154113770e-02
-3.337103426456451416e-01
-1.874190121889114380e-01
5.360172986984252930e-01
-2.210341095924377441e-01
-3.259790837764739990e-01
-8.047191798686981201e-02
2.793095111846923828e-01
-5.089847445487976074e-01
3.503371477127075195e-01
-8.781369328498840332e-01
-1.420223116874694824e-01
1.762635558843612671e-01
-1.920473575592041016e-01
3.830346465110778809e-01
-1.212756857275962830e-01
-1.777993589639663696e-01
-2.952610850334167480e-01
2.271980345249176025e-01
-6.870187819004058838e-02
-2.302333265542984009e-01
-2.690937519073486328e-01
2.802721560001373291e-01
2.174002826213836670e-01
4.459270834922790527e-01
-9.075316786766052246e-01
-3.089954704046249390e-02
3.926587402820587158e-01
3.900940716266632080e-01
5.428486466407775879e-01
6.757237762212753296e-02
-1.771615296602249146e-01
4.049692749977111816e-01
-6.827528774738311768e-02
-1.786065250635147095e-01
-8.808834850788116455e-02
-3.680619299411773682e-01
2.075461894273757935e-01
1.915739923715591431e-01
-3.413151502609252930e-01
2.601939141750335693e-01
-3.877145349979400635e-01
5.934509038925170898e-01
-8.956377506256103516e-01
-4.134681075811386108e-02
-1.685630679130554199e-01
-7.912238836288452148e-01
-3.980254530906677246e-01
-6.388559937477111816e-02
-1.022273823618888855e-01
-3.843002319335937500e-01
3.207125365734100342e-01
1.972993761301040649e-01
-3.475074768066406250e-01
-1.164128780364990234e-01
-9.628705978393554688e-01
4.280185103416442871e-01
-1.937562078237533569e-01
5.210351347923278809e-01
-1.348850969225168228e-02
-1.675247102975845337e-01
-3.959480226039886475e-01
-5.085785388946533203e-01
-2.216649353504180908e-01
-1.472913324832916260e-01
-1.692527383565902710e-01
-2.611457556486129761e-02
4.710795283317565918e-01
4.764456152915954590e-01
-3.529971539974212646e-01
9.092803299427032471e-02
1.809903979301452637e-01
-3.840022683143615723e-01
8.814102970063686371e-03
-3.003213107585906982e-01
-1.834963709115982056e-01
-6.783418059349060059e-01
-1.009447649121284485e-01
8.487150818109512329e-02
-1.748170405626296997e-01
-2.548831105232238770e-01
2.375511638820171356e-02
-7.775384187698364258e-01
-9.900683164596557617e-02
-5.444475412368774414e-01
-3.669480606913566589e-02
3.354579806327819824e-01
5.701725557446479797e-02
3.625404834747314453e-01
2.440834045410156250e-01
-9.197104722261428833e-02
-2.295525372028350830e-01
1.051148027181625366e-01
-2.809020280838012695e-01
4.397737681865692139e-01
1.632785052061080933e-01
-3.974278867244720459e-01
-6.444452404975891113e-01
-6.497370004653930664e-01
-3.310643136501312256e-02
-5.823417305946350098e-01
-3.571639955043792725e-01
-4.454874992370605469e-01
-2.290650457143783569e-02
-4.674313068389892578e-01
-1.875607483088970184e-02
-1.556870639324188232e-01
-2.236074060201644897e-01
1.422989219427108765e-01
-1.331420838832855225e-01
-6.993858516216278076e-02
5.249980092048645020e-02
-6.309182643890380859e-01
8.311579376459121704e-02
2.774753868579864502e-01
1.728321239352226257e-02
7.495953887701034546e-02
3.861574828624725342e-01
4.508036077022552490e-01
-1.499408483505249023e-01
-3.692074865102767944e-02
4.331676959991455078e-01
2.917758226394653320e-01
3.819116204977035522e-02
1.476471684873104095e-02
-2.613671123981475830e-01
1.301497817039489746e-01
-1.661462783813476562e-01
-1.113436967134475708e-01
3.658871352672576904e-01
6.857705861330032349e-02
2.433340400457382202e-01
3.520901501178741455e-01
8.155274987220764160e-01
-2.620719969272613525e-01
1.783180087804794312e-01
-1.884452551603317261e-01
-2.351445406675338745e-01
-9.229946881532669067e-02
-5.177119970321655273e-01
-2.826018631458282471e-01
2.164577394723892212e-01
-8.756191134452819824e-01
-4.064699709415435791e-01
-5.916901230812072754e-01
-1.398976594209671021e-01
1.853569149971008301e-01
-4.226889088749885559e-02
-1.439602226018905640e-01
-4.174497723579406738e-01
7.739660888910293579e-02
-5.836487412452697754e-01
5.391557514667510986e-02
-1.911499500274658203e-01
-3.295762538909912109e-01
2.165083587169647217e-01
-3.596669137477874756e-01
-5.541254281997680664e-01
-6.324213743209838867e-01
-1.396597474813461304e-01
-8.185348659753799438e-02
-3.336358582600951195e-03
-1.630534231662750244e-01
5.232014060020446777e-01
-1.125408187508583069e-01
7.202950716018676758e-01
5.673888921737670898e-01
-8.001760244369506836e-01
-2.057405561208724976e-01
-1.696380376815795898e-01
5.362781882286071777e-01
1.386756896972656250e-01
2.455523908138275146e-01
-8.640153706073760986e-02
-3.895278573036193848e-01
-4.227441176772117615e-02
-2.596859633922576904e-01
-2.972132265567779541e-01
-3.389579355716705322e-01
2.160860747098922729e-01
-6.745066959410905838e-03
2.191612869501113892e-02
-7.095662951469421387e-01
2.806233763694763184e-01
-1.570710837841033936e-01
-1.607301831245422363e-01
5.599951148033142090e-01
2.440149784088134766e-01
5.252292156219482422e-01
-1.080556139349937439e-01
-6.264895200729370117e-03
5.571034550666809082e-01
-3.518109321594238281e-01
1.685863733291625977e-01
1.522784531116485596e-01
-1.335334870964288712e-02
-9.880367517471313477e-01
4.064462184906005859e-01
-6.744728684425354004e-01
-3.611551821231842041e-01
8.045472949743270874e-02
-5.075709819793701172e-01
-9.188270196318626404e-04
2.973183393478393555e-01
1.329314615577459335e-02
-6.063945889472961426e-01
-4.706320539116859436e-02
-3.920505940914154053e-02
5.411926507949829102e-01
-2.940204441547393799e-01
-1.132196635007858276e-01
-4.205108061432838440e-02
2.942543625831604004e-01
1.670241802930831909e-01
-8.295083791017532349e-02
-1.275115847587585449e+00
-3.520097136497497559e-01
-5.377189517021179199e-01
3.998059034347534180e-01
-3.765542209148406982e-01
-3.822214305400848389e-01
4.679350256919860840e-01
-5.517755150794982910e-01
-7.277552783489227295e-02
-4.648229181766510010e-01
1.794278770685195923e-01
3.575988113880157471e-02
-4.789701104164123535e-01
-4.030146002769470215e-01
1.137665808200836182e-01
3.102332055568695068e-01
-5.761832371354103088e-02
2.743154391646385193e-02
5.558528378605842590e-02
3.321503475308418274e-02
-2.461384981870651245e-01
1.842154748737812042e-02
-2.377796173095703125e-01
-1.696861907839775085e-02
-1.600994765758514404e-01
-3.095083236694335938e-01
-2.331671863794326782e-02
-5.392274856567382812e-01
-7.921015024185180664e-01
1.327733248472213745e-01
-4.374761283397674561e-01
-2.500262558460235596e-01
2.325387746095657349e-01
-5.905070900917053223e-01
9.010184556245803833e-02
9.887726604938507080e-02
-1.611853241920471191e-01
4.697985202074050903e-02
-3.232886195182800293e-01
-2.418069392442703247e-01
-1.785291135311126709e-01
1.047630012035369873e-01
-2.237957566976547241e-01
-3.586783409118652344e-01
-2.849317789077758789e-01
-1.894691586494445801e-01
-2.214459329843521118e-01
2.275302857160568237e-01
7.073256373405456543e-01
-9.606431126594543457e-01
9.635838866233825684e-02
-4.652417078614234924e-02
1.904967725276947021e-01
4.012498557567596436e-01
-1.791982948780059814e-01
-2.955805361270904541e-01
-4.243858754634857178e-01
-2.438566982746124268e-01
-3.389357626438140869e-01
-2.336441427469253540e-01
-2.254973351955413818e-01
-4.540157020092010498e-01
-3.183596534654498100e-03
-1.678130328655242920e-01
-1.901047974824905396e-01
1.420168131589889526e-01
3.053751289844512939e-01
3.268084228038787842e-01
-8.602354675531387329e-02
-6.074692606925964355e-01
2.335344702005386353e-01
8.602356165647506714e-02
9.753387570381164551e-01
-7.966584563255310059e-01
3.600687682628631592e-01
-6.576982736587524414e-01
1.149343624711036682e-01
3.738377094268798828e-01
-1.770155727863311768e-01
-1.839642077684402466e-01
-5.257929116487503052e-02
-3.754222393035888672e-01
-4.775223433971405029e-01
1.802663803100585938e-01
-5.559313297271728516e-01
-5.599666833877563477e-01
7.670186460018157959e-02
-2.026886194944381714e-01
4.131484329700469971e-01
-4.541508108377456665e-02
-3.733162879943847656e-01
2.390910312533378601e-02
-4.852325022220611572e-01
5.971565842628479004e-02
-6.366953253746032715e-02
1.234198808670043945e-01
-4.965301454067230225e-01
-8.113941550254821777e-01
-6.662415862083435059e-01
-6.978715211153030396e-02
-1.741287708282470703e-01
-2.892216444015502930e-01
-9.063628315925598145e-01
1.621039956808090210e-01
2.655461430549621582e-01
-6.910177320241928101e-02
-3.863434195518493652e-01
6.493554711341857910e-01
4.736987650394439697e-01
3.779944777488708496e-01
-8.255780488252639771e-02
-3.685246706008911133e-01
-1.063603088259696960e-01
1.853007674217224121e-01
-3.403458297252655029e-01
-4.326376914978027344e-01
-1.652258336544036865e-01
-5.058513879776000977e-01
-3.041124939918518066e-01
-1.362171620130538940e-01
-8.087923526763916016e-01
-1.389799863100051880e-01
-5.047327280044555664e-01
-1.177735626697540283e-01
-4.621898829936981201e-01
2.093703746795654297e-01
7.589156180620193481e-02
1.768885105848312378e-01
1.967301219701766968e-01
2.768559753894805908e-02
-9.477622807025909424e-02
-1.675646454095840454e-01
1.052125468850135803e-01
-1.506754010915756226e-01
5.617511272430419922e-01
5.498105883598327637e-01
1.113412156701087952e-02
-3.472204804420471191e-01
1.075337007641792297e-01
-4.169938266277313232e-01
-3.240594565868377686e-01
-3.039233013987541199e-02
8.390866219997406006e-02
-7.563818246126174927e-02
4.699489474296569824e-01
4.325645864009857178e-01
-6.635183095932006836e-02
5.286084022372961044e-03
-1.408483274281024933e-02
2.483829408884048462e-01
-3.462843894958496094e-01
3.798663318157196045e-01
3.254607617855072021e-01
-4.054808914661407471e-01
-1.658645421266555786e-01
-5.484364032745361328e-01
4.066352248191833496e-01
-3.065912425518035889e-01
-1.914361119270324707e-01
3.469262421131134033e-01
-4.563687443733215332e-01
1.916614174842834473e-01
-2.767574600875377655e-02
1.331707388162612915e-01
-2.837534546852111816e-01
-3.083174228668212891e-01
-1.438789367675781250e-01
-1.272076219320297241e-01
1.790278404951095581e-01
9.128617821261286736e-04
2.470696270465850830e-01
1.665117889642715454e-01
7.838278263807296753e-02
-4.146499931812286377e-01
2.767637670040130615e-01
-2.979139685630798340e-01
3.808179199695587158e-01
-2.704043686389923096e-01
-1.513505540788173676e-02
6.246257200837135315e-02
-1.304960101842880249e-01
-5.702111124992370605e-01
-6.347356736660003662e-02
6.195683479309082031e-01
-4.824886023998260498e-01
-4.540492296218872070e-01
-1.132818162441253662e-01
-9.409993886947631836e-02
-1.125051975250244141e-01
-5.930308699607849121e-01
5.439882278442382812e-01
-2.677438855171203613e-01
-2.186591029167175293e-01
-3.625864982604980469e-01
-4.335292875766754150e-01
-2.973866462707519531e-01
-1.617582291364669800e-01
-1.107627511024475098e+00
-3.097824379801750183e-02
3.523671254515647888e-02
-3.316708654165267944e-02
-1.165934130549430847e-01
-4.687777459621429443e-01
-1.856537312269210815e-01
-3.296287655830383301e-01
3.493736088275909424e-01
1.047508120536804199e-01
6.950955837965011597e-02
4.979906976222991943e-02
-6.948910951614379883e-01
-5.661372095346450806e-02
1.331928223371505737e-01
-3.282021284103393555e-01
-1.465812623500823975e-01
1.866380870342254639e-01
1.510999202728271484e-01
2.075912356376647949e-01
-3.926676139235496521e-02
4.912533462047576904e-01
1.725445985794067383e-01
-2.504649162292480469e-01
-3.664355278015136719e-01
-9.078468382358551025e-02
-3.291670083999633789e-01
-1.269855141639709473e+00
1.077048555016517639e-01
-1.664912849664688110e-01
-5.900079607963562012e-01
4.786030650138854980e-01
-6.142909526824951172e-01
-1.320691555738449097e-01
-2.481772899627685547e-01
1.825898587703704834e-01
-6.293846666812896729e-02
4.106383919715881348e-01
-1.732467114925384521e-01
4.006403684616088867e-01
-6.079849004745483398e-01
-6.033272743225097656e-01
8.854715824127197266e-01
-1.702963560819625854e-01
-2.432582974433898926e-01
-6.352591793984174728e-03
-4.230733811855316162e-01
-2.040574848651885986e-01
-1.782830618321895599e-02
-1.746629476547241211e-01
5.782945156097412109e-01
-3.936560750007629395e-01
-4.400494098663330078e-01
-4.685867130756378174e-01
7.450684905052185059e-02
-7.050610780715942383e-01
1.440311223268508911e-01
6.538078188896179199e-01
1.865859031677246094e-01
-4.520060718059539795e-01
5.248565971851348877e-02
4.729812592267990112e-02
-7.983617782592773438e-01
-1.604856252670288086e-01
-4.777846336364746094e-01
1.062986776232719421e-01
-3.003341853618621826e-01
-9.171447902917861938e-02
1.478378027677536011e-01
-2.684795260429382324e-01
-6.348306536674499512e-01
-1.035854518413543701e-01
-6.236407756805419922e-01
-3.483066856861114502e-01
-7.341669201850891113e-01
-6.808224916458129883e-01
-1.281770914793014526e-01
-4.942211210727691650e-01
6.841993927955627441e-01
-7.777365297079086304e-02
4.916873574256896973e-02
-1.385452747344970703e-01
2.087154239416122437e-01
-2.190875858068466187e-01
5.032953023910522461e-01
6.595305800437927246e-01
-2.442761361598968506e-01
-2.505624592304229736e-01
1.778374612331390381e-02
-2.416639477014541626e-01
-3.380939066410064697e-01
-1.896319091320037842e-01
-3.668536543846130371e-01
1.164057943969964981e-02
1.709693968296051025e-01
-5.367114394903182983e-02
-3.551602959632873535e-01
-8.540942668914794922e-01
-4.664520919322967529e-01
-7.132963538169860840e-01
3.461831212043762207e-01
-6.210256218910217285e-01
-1.912329047918319702e-01
-3.933322429656982422e-02
-9.315994381904602051e-01
9.791406244039535522e-02
4.943400621414184570e-01
-6.454117894172668457e-01
4.046314954757690430e-01
-1.653037965297698975e-01
2.678887918591499329e-02
-1.278114169836044312e-01
-5.577772259712219238e-01
3.049299120903015137e-01
-5.304322838783264160e-01
-3.487232625484466553e-01
4.415622651576995850e-01
-3.647296130657196045e-01
-8.597722053527832031e-01
-4.854637086391448975e-01
4.449606686830520630e-02
-5.028570890426635742e-01
-3.223124742507934570e-01
-3.364576101303100586e-01
3.162945806980133057e-01
2.885003341361880302e-03
-3.793340623378753662e-01
-1.959702074527740479e-01
-1.709459573030471802e-01
3.647516369819641113e-01
-1.563457995653152466e-01
1.433000415563583374e-01
-5.565361380577087402e-01
-7.167148590087890625e-02
2.964623570442199707e-01
-5.066303610801696777e-01
-4.982990920543670654e-01
-4.081312417984008789e-01
-4.589739143848419189e-01
-3.651644587516784668e-01
1.950698941946029663e-01
-8.448645472526550293e-01
-2.703076601028442383e-01
-8.638572879135608673e-03
-6.318973898887634277e-01
2.257493883371353149e-02
-6.078346371650695801e-01
-2.029889672994613647e-01
-5.595485568046569824e-01
-5.341556668281555176e-01
1.662748903036117554e-01
1.816484332084655762e-01
-9.709459543228149414e-02
1.430789977312088013e-01
3.068958222866058350e-01
-3.282792270183563232e-01
-7.517234683036804199e-01
-3.926702737808227539e-01
4.897272884845733643e-01
-9.618639945983886719e-02
-1.873193681240081787e-02
2.492184489965438843e-01
-3.466072380542755127e-01
5.768983960151672363e-01
-2.120398133993148804e-01
3.338281996548175812e-03
3.972189128398895264e-01
-4.631765186786651611e-01
1.480691879987716675e-01
-2.606708407402038574e-01
-1.356215476989746094e-01
-2.062226980924606323e-01
2.047190219163894653e-01
2.126017659902572632e-01
-2.658691406250000000e-01
-2.272292971611022949e-01
-2.242096215486526489e-01
-6.227298974990844727e-01
-4.953246414661407471e-01
-3.190926611423492432e-01
1.505238562822341919e-01
-9.094756096601486206e-02
-3.290995657444000244e-01
-8.540654182434082031e-01
-1.160356402397155762e-01
-3.942263424396514893e-01
-3.356322050094604492e-01
3.598269820213317871e-01
3.247071057558059692e-02
-6.494157016277313232e-02
5.843367800116539001e-02
-5.002091079950332642e-02
-1.349042654037475586e-01
1.196537017822265625e-01
-6.564164757728576660e-01
-2.568390667438507080e-01
-7.213810682296752930e-01
-3.556643724441528320e-01
1.786257326602935791e-01
-5.100632086396217346e-02
