-3.503417730331420898e+00
-1.324418067932128906e+00
-6.604752540588378906e-01
1.531671762466430664e+00
3.290385752916336060e-02
-2.871366739273071289e+00
-2.503770112991333008e+00
5.834613442420959473e-01
3.694290876388549805e+00
2.207717746496200562e-01
-1.798408031463623047e+00
2.095773935317993164e+00
2.287149906158447266e+00
2.515283584594726562e+00
1.124374270439147949e+00
-3.330190181732177734e+00
-3.031772136688232422e+00
-5.337727665901184082e-01
-1.096956133842468262e+00
-1.196740865707397461e+00
-1.044762730598449707e+00
2.160622119903564453e+00
4.308916091918945312e+00
-1.419514179229736328e+00
-4.016265869140625000e+00
-2.435825824737548828e+00
1.939769148826599121e+00
1.804547786712646484e+00
-6.739988923072814941e-02
1.184527993202209473e+00
2.084803104400634766e+00
1.244526863098144531e+00
-4.996096715331077576e-02
-4.571864902973175049e-01
9.502624273300170898e-01
3.130142688751220703e+00
3.618497550487518311e-01
-1.852210879325866699e+00
-3.500366687774658203e+00
-6.250703930854797363e-01
-2.982633590698242188e+00
-2.312497854232788086e+00
-1.115526676177978516e+00
-8.863829970359802246e-01
-3.879520595073699951e-01
7.065652012825012207e-01
1.360632181167602539e+00
-1.206144332885742188e+00
1.644025325775146484e+00
2.477633208036422729e-01
1.404480814933776855e+00
1.887166023254394531e+00
2.150114059448242188e+00
-2.531687736511230469e+00
-9.949194788932800293e-01
-7.254711985588073730e-01
-4.454261362552642822e-01
-1.661584675312042236e-01
2.217254638671875000e+00
1.523581981658935547e+00
-4.446384310722351074e-02
1.302962303161621094e+00
2.597212791442871094e+00
3.887286782264709473e-01
